-4.194817082334225e-6	-4.2240913561187476e-7	3.649326522257355e-6	3.1373851409622524e-6	-3.0139876506083617e-6	1.1071274887697778e-6	7.991267989605181e-7	1.4311278701426427e-6
4.233389539752841e-6	4.183578693393498e-7	-3.671362169425183e-6	-3.154180751704747e-6	3.0306796436634432e-6	-1.1116380272848219e-6	-7.970528616284861e-7	-1.4327279128929738e-6
-4.272535838128044e-6	-4.141606966036138e-7	3.6937307142401784e-6	3.1712321511834975e-6	-3.04755634786546e-6	1.1162046710583185e-6	7.949177122999131e-7	1.43433869988227e-6
4.3122693376425095e-6	4.0981287936955465e-7	-3.716439864375677e-6	-3.18854521876732e-6	3.064621059843944e-6	-1.120828522626819e-6	-7.927196902677398e-7	-1.4359603236813055e-6
-4.352603824968317e-6	-4.0530949656424284e-7	3.739497568617288e-6	3.206126011015395e-6	-3.081877164848994e-6	1.125510717096189e-6	7.904570692687508e-7	1.4375928773255746e-6
4.393553520408852e-6	4.0064544742911137e-7	-3.762912022442704e-6	-3.2239807764713053e-6	3.0993281324982063e-6	-1.1302524247640383e-6	-7.881280795796259e-7	-1.439236454701951e-6
-4.43513311168629e-6	-3.958154261550379e-7	3.786691684812459e-6	3.2421159571949667e-6	-3.1169775158699836e-6	1.1350548406780503e-6	7.85730894796795e-7	1.4408911482653298e-6
4.477357761812283e-6	3.9081392864263654e-7	-3.81084528347963e-6	-3.2605381940615884e-6	3.134828961971098e-6	-1.1399191966239364e-6	-7.832636160815095e-7	-1.4425570521724557e-6
-4.520243135083761e-6	-3.856352371678421e-7	3.835381822003386e-6	3.27925434075168e-6	-3.1528862131735284e-6	1.144846760847596e-6	7.80724299448974e-7	1.4442342612075821e-6
4.563805411660088e-6	3.80273403715386e-7	-3.860310603837574e-6	-3.298271469414963e-6	3.171153103290869e-6	-1.1498388316911561e-6	-7.781109262860621e-7	-1.4459228679741745e-6
-4.608061317393302e-6	-3.7472225376032825e-7	3.885641234336859e-6	3.317596877746079e-6	-3.1896335724662156e-6	1.154896748900892e-6	7.754214139949307e-7	1.4476229664684543e-6
4.653028143193803e-6	3.6897536295239746e-7	-3.911383628550093e-6	-3.3372380992247177e-6	3.2083316596053766e-6	-1.160021887972816e-6	-7.726536164258991e-7	-1.449334653475647e-6
-4.698723766054724e-6	-3.63026052737029e-7	3.937548042811136e-6	3.357202915783578e-6	-3.227251512967506e-6	1.165215665103684e-6	7.698053028632507e-7	1.4510580190457119e-6
4.745166680896038e-6	3.5686737216411066e-7	-3.964145070438595e-6	-3.377499363208487e-6	3.246397392978935e-6	-1.1704795358493162e-6	-7.668741840440853e-7	-1.452793159078265e-6
-4.792376025611987e-6	-3.5049209251797163e-7	3.991185661489279e-6	3.3981357424546754e-6	-3.2657736709134985e-6	1.1758149987529301e-6	7.638578839418115e-7	1.4545401694760598e-6
4.840371607156396e-6	3.438926903255882e-7	-4.018681147010079e-6	-3.4191206352337324e-6	3.2853848406940224e-6	-1.1812236000547813e-6	-7.607539400993078e-7	-1.4562991382234024e-6
-4.889173932404804e-6	-3.370613252508966e-7	4.046643240963909e-6	3.4404629119208046e-6	-3.3052355178661248e-6	1.1867069227725234e-6	7.57559824597142e-7	1.4580701637763008e-6
4.938804245937041e-6	3.2998984141141884e-7	-4.075084068191348e-6	-3.462171740195259e-6	3.325330445609355e-6	-1.1922666077393216e-6	-7.542729038825943e-7	-1.459853336777829e-6
-4.989284552501032e-6	-3.2266973758740053e-7	4.104016176744069e-6	3.4842566066810723e-6	-3.345674497413221e-6	1.1979043386080522e-6	7.508904596640955e-7	1.461648746940393e-6
5.040637661381393e-6	3.1509215284846535e-7	-4.133452558243014e-6	-3.5067273269441233e-6	3.3662726877034896e-6	-1.2036218499186942e-6	-7.474096873403619e-7	-1.4634564914169055e-6
-5.092887222962529e-6	-3.072478545588206e-7	4.163406669201624e-6	3.5295940525718235e-6	-3.387130171035574e-6	1.209420934679141e-6	7.438276686063242e-7	1.4652766555985364e-6
5.1460577610738775e-6	2.991272133313726e-7	-4.193892449391582e-6	-3.5528672963020654e-6	3.408252245232692e-6	-1.2153034337812324e-6	-7.401413955314821e-7	-1.4671093308655754e-6
-5.200174724300756e-6	-2.9072018519365575e-7	4.2249243436721874e-6	3.576557947360376e-6	-3.4296443689844354e-6	1.2212712524863229e-6	7.363477472692349e-7	1.4689546104906804e-6
5.2552645239362285e-6	2.820162874651332e-7	-4.2565173301179474e-6	-3.6006772780455213e-6	3.4513121548570374e-6	-1.2273263500686818e-6	-7.324434907531272e-7	-1.4708125755145966e-6
-5.311354583992292e-6	-2.730045838471032e-7	4.2886869399036066e-6	3.6252369687790415e-6	-3.473261377299259e-6	1.2334707515016614e-6	7.284252816729759e-7	1.472683316790388e-6
5.3684733885400995e-6	2.636736509531175e-7	-4.321449281615329e-6	-3.6502491322367243e-6	3.495497990420321e-6	-1.2397065452718367e-6	-7.242896483849931e-7	-1.474566921884041e-6
-5.426650533289438e-6	-2.5401155418427774e-7	4.354821076560255e-6	3.675726320291289e-6	-3.518028119099909e-6	1.246035885170081e-6	7.200329978724967e-7	1.4764634684017194e-6
5.485916792807421e-6	2.4400583134869063e-7	-4.388819680609112e-6	-3.7016815496669456e-6	3.540858073532666e-6	-1.2524610005151011e-6	-7.156516020091687e-7	-1.4783730440173489e-6
-5.546304157854958e-6	-2.3364344908531838e-7	4.4234631173722405e-6	3.728128330840416e-6	-3.563994361490921e-6	1.2589841850456327e-6	7.111415972269266e-7	1.4802957279189663e-6
5.607845919176644e-6	2.2291077888289033e-7	-4.4587701104380445e-6	-3.7550806813194546e-6	3.587443685448015e-6	-1.2656078161196516e-6	-7.064989741948032e-7	-1.4822315960056413e-6
-5.670576730911009e-6	-2.1179356756469515e-7	4.494760120357217e-6	3.7825531518719247e-6	-3.611212957624785e-6	1.2723343491380129e-6	7.017195743063681e-7	1.484180728279046e-6
5.73453266274734e-6	2.0027689826573993e-7	-4.531453378473609e-6	-3.8105608591743617e-6	3.635309307723432e-6	-1.2791663155348347e-6	-6.967990832285996e-7	-1.4861431956236313e-6
-5.799751307277577e-6	-1.8834515149771524e-7	4.568870923321705e-6	3.83911950317493e-6	-3.6597400909183424e-6	1.2861063423239518e-6	6.917330195876701e-7	1.4881190694869114e-6
5.866271833876539e-6	1.7598197086027135e-7	-4.607034649995696e-6	-3.8682454027244705e-6	3.684512896885813e-6	-1.2931571414040608e-6	-6.865167342515945e-7	-1.4901084202729671e-6
-5.934135087014988e-6	-1.6317021964230344e-7	4.645967346962731e-6	3.89795552783073e-6	-3.709635561180921e-6	1.3003215164932487e-6	6.811453945738744e-7	1.4921113100567724e-6
6.003383679043687e-6	1.4989193076323787e-7	-4.6856927410616756e-6	-3.928267520459346e-6	3.735116173826277e-6	-1.3076023747603615e-6	-6.756139848772378e-7	-1.4941278012131086e-6
-6.074062081574905e-6	-1.3612826532223314e-7	4.726235556463749e-6	3.959199742429482e-6	-3.760963093429156e-6	1.315002724616025e-6	6.699172895956889e-7	1.496157954005789e-6
6.146216739203679e-6	1.218594572472966e-7	-4.767621557269323e-6	-3.990771308818675e-6	3.7871849566061207e-6	-1.3225256766966723e-6	-6.64049886283661e-7	-1.4982018186460322e-6
-6.219896167511167e-6	-1.0706476125223007e-7	4.809877607680159e-6	4.023002119821655e-6	-3.813790687086336e-6	1.3301744584130377e-6	6.58006144636213e-7	1.5002594462042403e-6
6.295151095385314e-6	9.17223863216633e-8	-4.853031732783365e-6	-4.0559129043874835e-6	3.840789518159834e-6	-1.3379524185571638e-6	-6.517801985144635e-7	-1.5023308830577125e-6
-6.372034567798752e-6	-7.580944618638615e-8	4.8971131799850076e-6	4.089525271953533e-6	-3.8681909975077775e-6	1.3458630165496562e-6	6.453659506785815e-7	1.5044161652838234e-6
6.45060209686256e-6	5.9301879200977355e-8	-4.942152489697584e-6	-4.1238617562720596e-6	3.896005002971388e-6	-1.3539098502432365e-6	-6.387570591584061e-7	-1.5065153297647754e-6
-6.530911822381365e-6	-4.21743749774775e-8	4.988181561148457e-6	4.158945849511512e-6	-3.924241762567301e-6	1.3620966534349983e-6	6.319469125264655e-7	1.5086284038578386e-6
6.613024636001235e-6	2.440031760012911e-8	-5.035233741746209e-6	-4.1948020757674365e-6	3.952911868542724e-6	-1.370427291326417e-6	-6.249286331081226e-7	-1.5107554085013645e-6
-6.697004380918303e-6	-5.951666635434196e-9	5.083343896959181e-6	4.231456046927034e-6	-3.982026290463563e-6	1.3789057858011942e-6	6.176950576289895e-7	1.5128963593363246e-6
6.782918037584738e-6	-1.3201104604122447e-8	-5.132548507841531e-6	-4.268934499817757e-6	4.011596398704234e-6	-1.3875363129765829e-6	-6.102387145921689e-7	-1.5150512628963096e-6
-6.870835888347311e-6	3.3089105682906255e-8	5.182885763945351e-6	4.307265386734469e-6	-4.041633985221544e-6	1.396323209633891e-6	6.025518215890373e-7	1.5172201201468679e-6
6.960831763494151e-6	-5.374516741899846e-8	-5.2343956598002384e-6	-4.346477933525463e-6	4.07215127437487e-6	-1.40527098321488e-6	-5.946262639006826e-7	-1.5194029189562337e-6
-7.05298326637613e-6	7.520391029075817e-8	5.287120118012904e-6	4.386602706197611e-6	-4.1031609575858974e-6	1.4143843257665622e-6	5.864535722746466e-7	1.5215996431686602e-6
7.147371995960595e-6	-9.750188642800382e-8	-5.341103086033669e-6	-4.4276717086526535e-6	4.134676206814523e-6	-1.4236681170931013e-6	-5.780249145050796e-7	-1.523810264094834e-6
-7.244083846327488e-6	1.206777320153843e-7	5.3963906814323266e-6	4.4697184399053014e-6	-4.166710703497391e-6	1.4331274308195752e-6	5.693310659142426e-7	1.5260347397581243e-6
7.343209283811179e-6	-1.447722645160913e-7	-5.453031323104921e-6	-4.512778012002633e-6	4.199278666043228e-6	-1.442767558778124e-6	-5.603623980381583e-7	-1.5282730225120712e-6
-7.444843653580628e-6	1.6982867303484925e-7	5.5110758607056925e-6	4.556887232250316e-6	-4.232394869017221e-6	1.4525940096607984e-6	5.511088518673136e-7	1.5305250476616915e-6
7.549087533393722e-6	-1.9589267805433887e-7	-5.570577760724307e-6	-4.602084700127858e-6	4.266074693868795e-6	-1.4626125233597505e-6	-5.415599075971307e-7	-1.5327907383865024e-6
-7.656047106609072e-6	2.2301269499304863e-7	5.631593258228261e-6	4.6484109448798175e-6	-4.300334127903416e-6	1.4728290883020305e-6	5.31704580473627e-7	1.5350700041080335e-6
7.765834546048879e-6	-2.512400584480513e-7	-5.694181532181297e-6	-4.695908513351861e-6	4.335189830837177e-6	-1.4832499509498405e-6	-5.215313705509819e-7	-1.537362739316309e-6
-7.878568473581857e-6	2.806292090813252e-7	5.758404935501898e-6	4.744622127748374e-6	-4.370659161611295e-6	1.4938816327186118e-6	5.110282451356508e-7	1.53966882071898e-6
7.994374440483666e-6	-3.112379514828933e-7	-5.82432917494308e-6	-4.7945988130859015e-6	4.406760186937421e-6	-1.5047309395924365e-6	-5.001826187930843e-7	-1.5419881069209565e-6
-8.11338541912619e-6	3.431276875769407e-7	5.892023563617673e-6	4.8458880342169625e-6	-4.443511786753296e-6	1.5158049900143153e-6	4.889812982081757e-7	1.5443204409533748e-6
8.235742424448369e-6	-3.7636370194496165e-7	-5.961561278264779e-6	-4.89854189595921e-6	4.480933633659568e-6	-1.5271112210259265e-6	-4.774104686583862e-7	-1.5466656410704184e-6
-8.36159509775053e-6	4.110154779782156e-7	6.033019605756754e-6	4.9526152837724766e-6	-4.519046269614708e-6	1.5386574118678555e-6	4.6545564927502904e-7	1.5490235052810558e-6
8.491102409638467e-6	-4.471569947040294e-7	-6.106480286086771e-6	-5.008166055754836e-6	4.557871182631948e-6	-1.5504517100424825e-6	-4.5310165004321626e-7	-1.5513938102894302e-6
-8.624433435350173e-6	4.848671316136683e-7	6.1820297908855544e-6	5.065255289624261e-6	-4.597430800233888e-6	1.5625026389465736e-6	4.4033253836878366e-7	1.5537763033492723e-6
8.761768134637607e-6	-5.24230034721774e-7	-6.259759706511174e-6	-5.123947453168604e-6	4.637748605718854e-6	-1.574819139341309e-6	-4.271315864055015e-7	-1.5561707073163138e-6
-8.903298328862349e-6	5.653355673635595e-7	6.3397671253241645e-6	5.184310673092789e-6	-4.678849189168544e-6	1.5874105786345118e-6	4.1348123043958494e-7	1.55857671560511e-6
9.049228669326725e-6	-6.082797986182726e-7	-6.42215503210967e-6	-5.24641702196807e-6	4.720758281989086e-6	-1.6002867884596328e-6	-3.9936300874633174e-7	-1.5609939886810613e-6
-9.199777757875924e-6	6.531655063301802e-7	6.50703281906978e-6	5.310342750237053e-6	-4.763502878675462e-6	1.6134580898149594e-6	3.84757519338686e-7	1.5634221550092675e-6
9.355179421363513e-6	-7.001028064887512e-7	-6.594516747943932e-6	-5.376168657083332e-6	4.807111306997844e-6	-1.6269353224607703e-6	-3.696443509147371e-7	-1.565860805319754e-6
-9.515684038298555e-6	7.492097568764858e-7	6.684730531319869e-6	5.443980403186285e-6	-4.8516132730281855e-6	1.6407298906133883e-6	3.540020157678558e-7	1.5683094915997621e-6
9.681560104256215e-6	-8.006130945179893e-7	-6.77780594998574e-6	-5.513868879455779e-6	4.8970400206800605e-6	-1.6548537766017418e-6	-3.3780789883806713e-7	-1.570767724553579e-6
-9.853095928039331e-6	8.544490455262071e-7	6.873883499286669e-6	5.585930652013301e-6	-4.943424399020006e-6	1.669319610281762e-6	3.21038158356216e-7	1.5732349685230166e-6
1.0030601529289873e-5	-9.108641730831689e-7	-6.973113174588822e-6	-5.660268362788129e-6	4.990800956890201e-6	-1.6841406921543638e-6	-3.036676641943286e-7	-1.5757106382301207e-6
-1.0214410785391187e-5	9.700163958856758e-7	7.075655264576995e-6	5.73699126628972e-6	-5.039206118246509e-6	1.699331035962636e-6	2.8566990624950496e-7	1.5781940989726468e-6
1.0404883816053033e-5	-1.0320760716678202e-6	-7.181681269247419e-6	-5.81621575515058e-6	5.088678260955067e-6	-1.7149054478782476e-6	-2.6701689748215184e-7	-1.5806846553816213e-6
-1.0602409686867894e-5	1.0972272267167073e-6	7.2913749285375e-6	5.898065939101676e-6	-5.139257893350027e-6	1.7308795502000293e-6	2.4767907583636053e-7	1.583181553016091e-6
1.0807409435382582e-5	-1.1656689375433411e-6	-7.404933325384581e-6	-5.9826743428676165e-6	5.190987807362763e-6	-1.747269852684971e-6	-2.276251920903734e-7	-1.585683972168841e-6
-1.1020339523446766e-5	1.2376168728877465e-6	7.5225681491783785e-6	6.0701826062761104e-6	-5.243913238780501e-6	1.764093834979281e-6	2.0682220337098692e-7	1.5881910190688558e-6
1.1241695727275652e-5	-1.3133050434401094e-6	-7.644507097532353e-6	-6.1607422882493015e-6	5.298082079639297e-6	-1.7813699891887972e-6	-1.8523511638309506e-7	-1.590701725955743e-6
-1.147201755515671e-5	1.392987753804378e-6	7.770995433856087e-6	6.254515784335059e-6	-5.353545068270527e-6	1.7991179180337755e-6	1.628268789854515e-7	1.593215039266363e-6
1.1711893336676513e-5	-1.4769418433869946e-6	-7.902297741595256e-6	-6.351677301500964e-6	5.410356027324371e-6	-1.8173584222371412e-6	-1.3955821946383065e-7	-1.5957298182613958e-6
-1.1961965982400717e-5	1.565469194770226e-6	8.038699899826836e-6	6.452413958817504e-6	-5.468572119175871e-6	1.836113576192635e-6	1.1538745083269415e-7	1.5982448207001786e-6
1.2222939620521488e-5	-1.6588996077078403e-6	-8.180511300215343e-6	-6.55692704552497e-6	5.5282541255514816e-6	-1.8554068546770503e-6	-9.027034168529168e-8	-1.6007587029690564e-6
-1.249558728462384e-5	1.7575940875995292e-6	8.328067351906779e-6	6.665433378367155e-6	-5.589466749094859e-6	1.8752632268312598e-6	6.415988697652154e-8	1.6032700058236433e-6
1.278075973575949e-5	-1.8619485646025025e-6	-8.48173232654823e-6	-6.778166848369957e-6	5.652278970452841e-6	-1.8957092982664998e-6	-3.700607758204774e-8	-1.6057771418133313e-6
-1.3079395733380172e-5	1.972398222913352e-6	8.641902577250636e-6	6.895380176238927e-6	-5.716764424767984e-6	1.9167734334769224e-6	8.755714842776075e-9	1.6082783975445653e-6
1.3392534036876461e-5	-2.0894224543523176e-6	-8.809010215715216e-6	-7.0173468439541635e-6	5.783001817595089e-6	-1.9384859152147622e-6	2.0647896532227177e-8	-1.6107719047319792e-6
-1.3721327402068114e-5	2.2135505666676635e-6	8.983527303442127e-6	7.1443633080280995e-6	-5.851075416836388e-6	1.96087913207177e-6	-5.1265213537567086e-8	1.613255638482195e-6
1.4067059058380903e-5	-2.345368458617e-6	-9.165970660235787e-6	-7.276751507060003e-6	5.92107557212947e-6	-1.9839877175889854e-6	8.316075171549205e-8	-1.6157274076565228e-6
-1.4431162201929327e-5	2.4855263608500197e-6	9.356907401025873e-6	7.414861678463506e-6	-5.993099309137807e-6	2.007848818868824e-6	-1.1640346637237425e-7	1.6181848205684714e-6
1.4815243101212583e-5	-2.6347478826775503e-6	-9.55696130238316e-6	-7.559075586884701e-6	6.067251005700069e-6	-2.0325022938704494e-6	1.51067083523099e-7	-1.6206252868248934e-6
-1.5221108698917792e-5	2.7938406701862776e-6	9.76682020465393e-6	7.709810214883137e-6	-6.143643143135414e-6	2.0579909539531434e-6	-1.8723055944729362e-7	1.6230459987982286e-6
1.565079976633927e-5	-2.9637089778231686e-6	-9.987244604390475e-6	-7.867521964734333e-6	6.222397153788879e-6	-2.084360917756537e-6	2.2497852568336065e-7	-1.6254438845796635e-6
-1.6106630926603603e-5	3.1453685540721313e-6	1.0219077683825716e-5	8.032711500533805e-6	-6.303644391956475e-6	2.1116618670193377e-6	-2.6440178600549034e-7	1.6278156221301873e-6
1.6591239325628272e-5	-3.339964418745164e-6	-1.0463257083482428e-5	-8.205929342250723e-6	6.387527232119644e-6	-2.139947441678584e-6	3.05597926590196e-7	-1.6301575930463116e-6
-1.7107644211001015e-5	3.548792178664318e-6	1.0720828761959801e-5	8.387782316326287e-6	-6.4742003158993145e-6	2.169275682104258e-6	-3.4867190476843706e-7	1.632465841027471e-6
1.7659320437289257e-5	-3.7733236933128315e-6	-1.0992963416315328e-5	-8.578941055043825e-6	6.563831987564306e-6	-2.1997094301302965e-6	3.9373678298078745e-7	-1.6347360810459425e-6
-1.8250289789025153e-5	4.01523826149088e-6	1.1280976000845881e-5	8.78014875694792e-6	-6.6566059352792074e-6	2.231316910512667e-6	-4.4091451327916587e-7	1.6369636211557145e-6
1.8885235518607153e-5	-4.2764607065138305e-6	-1.1586349099584627e-5	-8.992231437812848e-6	6.752723086718315e-6	-2.2641723246972583e-6	4.903368070560473e-7	-1.6391433442027293e-6
-1.956964733916238e-5	4.55920822513884e-6	1.1910761052760648e-5	9.216109980891647e-6	-6.85240380019794e-6	2.2983564894946515e-6	-5.421461438599236e-7	1.6412696722444463e-6
2.0310006622485496e-5	-4.8660484866888635e-6	-1.2256120000538656e-5	-9.452814401075207e-6	6.955890395092675e-6	-2.333957681455906e-6	5.964968707525511e-7	-1.6433364930605164e-6
-2.1114025831268475e-5	5.199972264156976e-6	1.2624605394431003e-5	9.703500796689625e-6	-7.0634501273919436e-6	2.3710724961026996e-6	-6.53556466084178e-7	1.6453371251892206e-6
2.1990961550964215e-5	-5.564485069745791e-6	-1.3018718954847857e-5	-9.969471573242623e-6	7.1753786591132124e-6	-2.4098068624885876e-6	7.135069538747798e-7	-1.6472642505844546e-6
-2.2952029069288673e-5	5.963723822525002e-6	1.3441347705789376e-5	1.0252199766970435e-5	-7.292004123257424e-6	2.450277285631837e-6	-7.765465179299106e-7	1.6491098399590681e-6
2.401095952043095e-5	-6.40260704691406e-6	-1.3895842569477784e-5	-1.0553358450543e-5	7.413691957125356e-6	-2.4926121773569533e-6	8.428913214940622e-7	-1.650865075972818e-6
-2.5184760268134223e-5	6.8870304025519905e-6	1.4386117263623419e-5	1.0874856477369405e-5	-7.540850639908172e-6	2.5369534755050768e-6	-9.127775927639644e-7	1.6525202702123553e-6
2.6494771100335074e-5	-7.4241243810875815e-6	-1.4916773905556563e-5	-1.1218882302616489e-5	7.67393852703663e-6	-2.5834585372525528e-6	9.864640138927376e-7	-1.6540647494431137e-6
-2.7968160169358944e-5	8.022598715472496e-6	1.549326418136794e-5	1.158795807016253e-5	-7.813472068440774e-6	2.6323023085457786e-6	-1.0642344317730302e-6	1.6554867476778222e-6
2.964008978398674e-5	-8.693209595604623e-6	-1.612209850276797e-5	-1.1985006874325324e-5	7.960035778633266e-6	-2.6836799471387872e-6	1.1464010158441671e-6	-1.6567732753544398e-6
-3.1556930836285825e-5	9.44940416192226e-6	1.6811120759518456e-5	1.2413437189330797e-5	-8.114294327568732e-6	2.737809879524084e-6	-1.2333078795092633e-6	1.6579099574391178e-6
3.3781171037285017e-5	-1.030822629168692e-5	-1.7569874133024256e-5	-1.2877249813563733e-5	8.277007364597216e-6	-2.794937465309372e-6	1.3253352754761528e-6	-1.6588808713479866e-6
-3.639915906509318e-5	1.1291616414128666e-5	1.8410095342267767e-5	1.3381174665483624e-5	-8.449047866628865e-6	2.8553393971847985e-6	-1.4229044922007334e-6	1.659668336923708e-6
3.9533799132064574e-5	-1.2428321160414318e-5	-1.9346393471037247e-5	-1.3930847723409416e-5	8.631424938095932e-6	-2.9193289577716013e-6	1.5264835621707983e-6	-1.6602526880663353e-6
-4.336632342891239e-5	1.3756775238232992e-5	2.0397199383366586e-5	1.45330426623726e-5	-8.825312455027395e-6	2.9872624490675532e-6	-1.6365939644526504e-6	1.660612002589455e-6
4.8175719539993654e-5	-1.5329586167786014e-5	-2.1586120819869825e-5	-1.5195977994445302e-5	9.032085391074673e-6	-3.05954699483829e-6	1.7538185091735487e-6	-1.6607217853027274e-6
-5.4415046754401586e-5	1.7220766759892152e-5	2.2943921474461978e-5	1.592973026481011e-5	-9.253366335774965e-6	3.1366501422106416e-6	-1.8788107082026603e-6	1.6605546070239001e-6
6.287203540918907e-5	-1.9537897543207243e-5	-2.4511487608522295e-5	-1.67467988527507e-5	9.491085722598112e-6	-3.2191117669405385e-6	2.012305898008456e-6	-1.6600796629375078e-6
-7.504564634279187e-5	2.2443624108019268e-5	2.6344409798168016e-5	1.766289160034939e-5	-9.747560756632077e-6	3.3075589124904866e-6	-2.1551345507039345e-6	1.6592622735230917e-6
9.41672656587774e-5	-2.6196015798268355e-5	-2.8520308271961477e-5	-1.8698039442289515e-5	1.0025600258250169e-5	-3.4027245140930583e-6	2.308238343015378e-6	-1.6580632778215067e-6
-0.00012860547358261914	3.1230186052637636e-5	3.1151029715206275e-5	1.9878213198049325e-5	-1.0328645871755072e-5	3.5054711675661804e-6	-2.4726895694406433e-6	1.656438310744262e-6
0.00020746315762086643	-3.8339617580660006e-5	-3.440395902715534e-5	-2.123772833320189e-5	1.0660965380345962e-5	-3.6168217186881423e-6	2.6497148289384416e-6	-1.6543369542103598e-6
-0.0005062507134574714	4.9131167204938766e-5	3.854149689347592e-5	2.2822925924071752e-5	-1.1027922091297978e-5	3.737998988965559e-6	-2.840724135464716e-6	1.6517016941691758e-6
-0.0034886115744667797	-6.736769792414401e-5	-4.399965793862478e-5	-2.4697997012360293e-5	1.1436357619006586e-5	-3.870478000680157e-6	3.0473469160517876e-6	-1.6484666752362382e-6
-0.014548147812667571	0.0001038789720669242	5.1559544537554085e-5	2.6954562396026975e-5	-1.1895148125701382e-5	4.016055670501631e-6	-3.271476908318939e-6	1.6445561745682521e-6
-0.05307698053557395	-0.00019760520910781025	-6.276909257057421e-5	-2.97281689059112e-5	1.2416033097507571e-5	-4.176945032924625e-6	3.515328680541724e-6	-1.6398827364346116e-6
-0.1446751490268081	-0.002576185489686657	8.11654654928655e-5	3.3228309020335546e-5	-1.3014886093969274e-5	4.355904830921351e-6	-3.7815094483030698e-6	1.6343448683021355e-6
-0.2843084605756261	-0.010540065788670224	-0.00011677546662404307	-3.7796883069087975e-5	1.3713728638007771e-5	-4.556420969674048e-6	4.0731112235724975e-6	-1.6278241669113807e-6
-0.3489749801795059	-0.040134385121860405	0.00021044803862509023	4.403219385285598e-5	-1.4544046917322122e-5	4.782965731275233e-6	-4.393830453716176e-6	1.6201817343290306e-6
-0.09616773223414679	-0.1143198166471392	-0.0007154542398347912	-5.30827269816053e-5	1.5552507878476884e-5	-5.04137661411224e-6	4.748125253791868e-6	-1.6112536222582602e-6
0.5673484939943391	-0.23744074697375045	-0.003584998345473905	6.745557070620362e-5	-1.681136126549112e-5	5.3394243417375e-6	-5.141424770787109e-6	1.6008450278368492e-6
1.21806482314009	-0.3187191981404766	-0.015063424372304277	-9.37715798179434e-5	1.843866852151876e-5	-5.687689931659699e-6	5.580412184223333e-6	-1.5887228100646215e-6
1.1184944572142486	-0.14720799808446847	-0.05218213059614889	0.00015586409239805448	-2.064104102039452e-5	6.100965425072852e-6	-6.073413545518353e-6	1.574605721615908e-6
0.10482104645428952	0.40658024065472237	-0.13477413564334734	-0.0004093336239657781	2.381406708385393e-5	-6.600580940816958e-6	6.630941791130248e-6	-1.5581515253185716e-6
-1.0010416641150537	1.0387423638575437	-0.24707630086404406	-0.0025981818128717315	-2.8814160479072385e-5	7.2184548098038e-6	-7.266473578565857e-6	1.5389397666008473e-6
-1.270449103533172	1.083282200442894	-0.26830855348725635	-0.010851984506111969	3.7855074380716866e-5	-8.004547060757327e-6	7.997584371874693e-6	-1.5164484182802469e-6
-0.69679506455926	0.2638026927541378	-0.002199608318570168	-0.039181692091559424	-5.8480485902429806e-5	9.041543599062658e-6	-8.847650808042025e-6	1.4900216942759818e-6
0.010027610959252507	-0.7869813042275569	0.5677461811482296	-0.10560492143875802	0.00013251377430398344	-1.0476355563594146e-5	9.848481510329203e-6	-1.4588249508687032e-6
0.335532780183146	-1.1694717941531383	1.022868224480702	-0.20461480311655247	-0.0009977664446514805	1.2595493818958158e-5	-1.1044526214813597e-5	1.4217802536434544e-6
0.306024345360158	-0.7322616513621416	0.795699337576371	-0.24518752004294625	-0.004110789948841309	-1.603368264116183e-5	1.249988970210656e-5	-1.377472308140296e-6
0.16605641615751227	-0.07083168924685489	-0.09736447300360929	-0.05503072339685502	-0.016981155739268283	2.248139735288099e-5	-1.4310599345144336e-5	1.3240078124118549e-6
0.06404423126464122	0.2837504386022913	-0.904815986057961	0.421842974286554	-0.054093861755527294	-3.793925886718182e-5	1.66273560365263e-5	-1.2587993187790304e-6
0.01841252170026244	0.2917419747661773	-0.974225348396162	0.8710392265604789	-0.12791524401736135	9.778621565077002e-5	-1.970089614035528e-5	1.1782225990943026e-6
0.004387027709085769	0.16842080418215313	-0.44751118795652794	0.7737750830618008	-0.2079776458078949	-0.0009164071870878371	2.398113901296688e-5	-1.0770536392166402e-6
0.0008570356408618237	0.06801280302017514	0.08224030632871698	0.04068935427019956	-0.17604699667160062	-0.003767354848006896	-3.0361639872291488e-5	9.475040889480133e-7
-0.000256053627996721	0.020463404721614238	0.2808112983402159	-0.7281852278888716	0.10635890284919501	-0.015452795098451474	4.089051037030893e-5	-7.774853013120572e-7
0.00014143290450557456	0.004872706951845555	0.2269151282954184	-0.8913974804537363	0.5658358685669428	-0.04870923289217379	-6.140085674625024e-5	5.472941028416291e-7
-9.73015442257005e-5	0.001118151911368983	0.1149041149612569	-0.47209088132576915	0.8016950273631996	-0.1137853768874154	0.00011585073493860303	-2.2281331904296335e-7
7.429638214797252e-5	-0.00024928559889024823	0.04199392953816573	0.021605010492921083	0.4504394678156158	-0.18190559965725014	-0.00041532417197942886	-2.5974805305976364e-7
-6.016032623073964e-5	0.0001321220845220782	0.011466193785376236	0.23999221496590148	-0.2881262799701868	-0.1478400354610277	-0.002092943754500626	1.0322793172910982e-6
5.054012349659346e-5	-9.302066547018e-5	0.00275399110288013	0.2130450936920891	-0.7753781494051267	0.10574867153274048	-0.008764136330587678	-2.4075191760062337e-6
-4.352181955587245e-5	7.429015243571964e-5	0.0003847475404704385	0.11390604594747712	-0.6612828286809369	0.504462793019231	-0.03030467335583826	5.288694594625137e-6
3.813596808469168e-5	-6.349382931323893e-5	-0.00016066187589131473	0.043429492162745074	-0.21030348230018636	0.6936184796046573	-0.07802972608761448	-1.3219991317679833e-5
-3.383941399656219e-5	5.656385492597339e-5	9.999134443245062e-5	0.012354554185210554	0.13422212402194067	0.3696780038423566	-0.14253948922682183	5.011424304544049e-5
3.030383763893701e-5	-5.180693803603109e-5	-7.32666484210889e-5	0.002940866498132707	0.21666057920091455	-0.273015919116528	-0.15371657776700784	-0.0007484885209012637
-2.731853909361234e-5	4.839924836148456e-5	5.838442143387195e-5	0.0005505302538441599	0.1493271547896358	-0.6779795357409781	0.0011204379137734208	-0.0030658194824171574
2.4741462970700574e-5	-4.589424929666012e-5	-4.890907784021504e-5	-0.0001800485315888266	0.06832875782854987	-0.5613334769095255	0.3296156931926064	-0.012427451322200234
-2.247265790883266e-5	4.403029268161711e-5	4.23383151424997e-5	0.00010401151807522091	0.022994239893660107	-0.16763251850643235	0.5888846473937737	-0.03848132791367683
2.0438993120421034e-5	-4.264506882331099e-5	-3.7506355708749236e-5	-7.397041988857227e-5	0.005820813924012231	0.12297421353762991	0.4539553247449642	-0.08807596206836842
-1.858487320533587e-5	4.163370574027191e-5	3.379885644888069e-5	5.816418501716796e-5	0.001442330588974086	0.18710227526306192	-0.061302117126999706	-0.1368034681895325
1.6866298563970744e-5	-4.0926664023856924e-5	-3.0861883213722896e-5	-4.8445602210654364e-5	1.071905549954941e-6	0.12653560939940353	-0.5226422955894335	-0.10332084926316679
-1.5246845263395186e-5	4.0477393538485584e-5	2.8477329738383335e-5	4.186710337333595e-5	-1.4212349408673455e-5	0.05717719293936675	-0.5582850538151877	0.0956312521188464
1.3694743975589108e-5	-4.025515573297541e-5	-2.6503557929841633e-5	-3.7117708124297654e-5	1.0233635681627095e-5	0.01902529872095586	-0.25390966675764126	0.3912302789878927
-1.2180541455126929e-5	4.024076051791569e-5	2.4844672965261365e-5	3.352853243313334e-5	-6.648372282799489e-6	0.004783396999800125	0.049266740091031644	0.5119648431569038
1.067496843308253e-5	-4.0424060272555696e-5	-2.343353822739328e-5	-3.072331619729786e-5	3.979964441261156e-6	0.0011788752804467902	0.1616113178915289	0.24795409865423698
-9.146671523792158e-6	4.080259219903107e-5	2.2221872038793873e-5	2.847444387638184e-5	-1.951701204810247e-6	-1.6785853966419452e-5	0.12983677407720534	-0.23075163372254995
7.559401966404874e-6	-4.1381059083227333e-5	-2.1174217147980848e-5	-2.663629161947187e-5	3.4488483380873034e-7	-7.33502746381251e-6	0.0655315087767012	-0.5091866027323558
-5.868053376298267e-6	4.2171522317843145e-5	2.0264137739438386e-5	2.5111495097560077e-5	9.794003413638555e-7	8.231688845042008e-6	0.02387469137159575	-0.4013557319042773
4.012492675746694e-6	-4.319431937810223e-5	-1.947175684407352e-5	-2.3832635801437992e-5	-2.109228090278298e-6	-7.253557177086289e-6	0.006511328455817478	-0.10664160425480436
-1.907154205605725e-6	4.447985528350876e-5	1.878213614290643e-5	2.2751719915738578e-5	3.1023060731448107e-6	6.238498639245603e-6	0.0015558242900595102	0.09890172392327416
-5.778417472148428e-7	-4.6071597388155226e-5	-1.8184210787920874e-5	-2.183384956781378e-5	-3.997962430240003e-6	-5.389881539606285e-6	0.00022049389230649618	0.13773231327765842
3.6536723276689616e-6	4.803088732406093e-5	1.7670112886542482e-5	2.1053271880326503e-5	4.824085753690724e-6	4.6987822583453155e-6	-9.806785653794869e-5	0.09034466677567668
-7.691995019786962e-6	-5.0444686279106785e-5	-1.7234792348121754e-5	-2.0390840563342224e-5	-5.601246009989157e-6	-4.131511300782883e-6	6.438116376409206e-5	0.03998718927328551
1.3414401858978727e-5	5.343832647619425e-5	1.6875896762062388e-5	1.9832353434491393e-5	6.345228262123319e-6	3.6585989381179427e-6	-4.951027405635625e-5	0.013061687978487474
-2.2417164214022167e-5	-5.719728361392378e-5	-1.6593918863594762e-5	-1.9367457670216103e-5	-7.068650771967185e-6	-3.257794451518033e-6	4.126192538777262e-5	0.0032466121276567917
3.89532294574719e-5	6.200619878962174e-5	1.639267509112287e-5	1.8988942560598753e-5	7.782041100797015e-6	2.9127637154670473e-6	-3.605403926342781e-5	0.0007945050849578714
-7.814326188404878e-5	-6.832325632190993e-5	-1.6280261122060833e-5	-1.869231555874446e-5	-8.49458515804364e-6	-2.6114808432123062e-6	3.248700426389819e-5	-3.509435143985466e-5
0.00022938956639380738	7.693343913970717e-5	1.6270776739649523e-5	1.847560692136465e-5	9.214677697325714e-6	2.3449763414901403e-6	-2.9906882254215052e-5	4.442324728627764e-6
-0.002309336020273771	-8.929763456417038e-5	-1.638740058401775e-5	-1.83393851509988e-5	-9.950354753077745e-6	-2.106450964598235e-6	2.796850191626835e-5	9.473970868670943e-7
-0.00957339480607221	0.0001084611271938311	1.6668008358281163e-5	1.8286999705489995e-5	1.0709662020113278e-5	1.8906623656008938e-6	-2.6472885462279948e-5	-2.5576276254154223e-6
-0.039176679414559476	-0.00014189644132688543	-1.717593677597743e-5	-1.832510837552839e-5	-1.1500998960900848e-5	-1.6934999754502497e-6	2.5297467962269106e-5	3.194513955133168e-6
-0.12349564581486942	0.00021315321733927272	1.8022020846895748e-5	1.846460703055301e-5	1.2333471920673662e-5	1.5116872328767538e-6	-2.4362782622107496e-5	-3.496095712785037e-6
-0.28828312965402225	-0.0004336770275436505	-1.9413807879783757e-5	-1.8722181062665384e-5	-1.3217288932788318e-5	-1.342570162492988e-6	2.3615190880451094e-5	3.6601094070807458e-6
-0.46056406888480234	-0.00395456592449606	2.1778673128139613e-5	1.9122884900320094e-5	1.416423375971958e-5	1.1839649782163786e-6	-2.301732415287165e-5	-3.76122817613523e-6
-0.3736008600827144	-0.0163884117319788	-2.6122331459221176e-5	-1.9704524514865e-5	-1.5188267546298105e-5	-1.0340465427809722e-6	2.254250515356259e-5	3.8317721337726295e-6
0.2691384569686262	-0.0613163455275328	3.531999908030914e-5	2.052539141434197e-5	1.630632607938164e-5	8.912656536273601e-7	-2.2171347030353857e-5	-3.8871968893872235e-6
1.2782714871122125	-0.17175445423684896	-6.0513424051681385e-5	-2.167863861267933e-5	-1.7539414136132332e-5	-7.542870796882447e-7	2.188960491820877e-5	3.935484026614529e-6
1.7552457019526087	-0.3491769804587442	0.00017569176554220413	2.3320846991935427e-5	1.8914154516827876e-5	6.219428556496828e-7	-2.168677934749427e-5	-3.9810238988857565e-6
0.9332827901611053	-0.4532171822511286	-0.0022805137939564	-2.5733829703768183e-5	-2.0465045970562644e-5	-4.931973941353235e-7	2.15551889026195e-5	4.026371614372948e-6
-0.6935362951651731	-0.177846634402474	-0.009265736145726386	2.9473917165672057e-5	2.2237855379223582e-5	3.6712250878823336e-7	-2.148934672062972e-5	-4.073100261323967e-6
-1.7164606511275249	0.6377345855372	-0.03768039640844441	-3.578967263804561e-5	-2.4294883092088636e-5	-2.4288167870090204e-7	2.148554119073217e-5	4.122240805438487e-6
-1.4193267762844874	1.5166600004659907	-0.11682087325592946	4.8057619682146706e-5	2.6723441398540702e-5	1.1972454318290287e-7	-2.1541559906296744e-5	-4.174520747397957e-6
-0.42262565892364584	1.5064733694278822	-0.2679686872988851	-7.850015596934819e-5	-2.965009871261311e-5	3.0051270096547762e-9	2.1656519499528614e-5	4.230499698035586e-6
0.31193266441865314	0.28267229656841325	-0.4173832058415775	0.00020122056523660007	3.326583959292069e-5	-1.2584123643084903e-7	-2.1830779141607897e-5	-4.290650034883498e-6
0.4734533914734915	-1.1893887955643232	-0.3176498461003674	-0.0020035592356063515	-3.7873271835658206e-5	2.491338670652406e-7	2.206592612713118e-5	4.355407435913892e-6
0.31990918382041256	-1.6573142677116066	0.28692098663271604	-0.00818863829410512	4.398203700449515e-5	-3.7292926340747305e-7	-2.2364830216488823e-5	-4.4252045371713466e-6
0.14449475289153438	-0.9867713257013357	1.190116247777351	-0.03353270332135828	-5.252060366669659e-5	4.967423238321939e-7	2.2731770789621755e-5	4.5004952757625925e-6
0.04803978865929456	-0.055088513818844435	1.56499655789094	-0.10521912166049235	6.536711936957374e-5	-6.191233060014414e-7	-2.317264880870098e-5	-4.581774384039029e-6
0.012089692953922666	0.4163447628686196	0.7654914464501795	-0.24461790205600592	-8.691289597022317e-5	7.36812543955361e-7	2.369530560382022e-5	4.669594754884538e-6
0.0029640714317230145	0.40756904465365623	-0.6965243867761154	-0.38837651176214694	0.00012975881291757698	-8.430279087620644e-7	-2.430998423353783e-5	-4.764584649864522e-6
-3.273071261620653e-5	0.22954806138942804	-1.5538571861950363	-0.3103521239521022	-0.00023874824798849958	9.238128498268052e-7	2.502998983614738e-5	4.867466322010435e-6
-2.9518406424282572e-5	0.09105696981426793	-1.2307100688431074	0.23671746679581301	-0.0030213599493230285	-9.497131876131977e-7	-2.587263803413449e-5	-4.97907737520298e-6
3.215113843941776e-5	0.026895452551316947	-0.331063199251825	1.085182222632383	-0.012404124531034256	8.551060444619006e-7	2.6860633716151858e-5	5.100396289207555e-6
-2.981023997391713e-5	0.006414989467472512	0.29993143733928096	1.4743969982070466	-0.04720794405454129	-4.807396771642898e-7	-2.802411312605555e-5	-5.232573899168794e-6
2.729107677976246e-5	0.0013805708271544391	0.42110690265717227	0.7686601334961793	-0.13456290164662477	-6.122296086988167e-7	2.9403741921390795e-5	5.376972947396581e-6
-2.515536619109926e-5	-0.00033728005811702196	0.2770636777004867	-0.6005310811804769	-0.27960620872393266	3.888281224084061e-6	-3.105555479907572e-5	-5.53521849616683e-6
2.339986232996273e-5	0.0001744101829623257	0.12285902425524822	-1.4472123132156436	-0.37565745793702243	-1.5982494609214033e-5	3.3058784849946435e-5	5.709263175003818e-6
-2.1948612149335857e-5	-0.00011656018211797322	0.04022256551148349	-1.1841158212102283	-0.1741393007255896	8.916263294658567e-5	-3.5529069089099e-5	-5.901472659942304e-6
2.073205475868919e-5	8.772337313846852e-5	0.009991521710196617	-0.34434506750472216	0.47795645246490814	-0.0020099383361946617	3.8641865570262246e-5	6.11473897584686e-6
-1.9696835418427418e-5	-7.053485533515245e-5	0.0024640507512130416	0.26712243829024007	1.223464246436309	-0.0081675794524197	-4.2676587020367065e-5	-6.3526326384197e-6
1.880348935099106e-5	5.911743661741558e-5	-0.00011439034852013747	0.39742974260857644	1.2774741083847843	-0.032856435850592655	4.8106301485169576e-5	6.6196095208514815e-6
-1.802284817662864e-5	-5.096752696261903e-5	2.413426941686077e-5	0.2667930211541624	0.31288403371332735	-0.10035043894642019	-5.5798374653862984e-5	-6.921295519962692e-6
1.7333123003431782e-5	4.484544150956304e-5	-9.0092820087845e-6	0.11994468096475416	-0.9260692751209236	-0.22622941145709585	6.752305813498539e-5	7.264882720531621e-6
-1.671780324844238e-5	-4.006879180129756e-5	4.779512914008119e-6	0.0397403570867702	-1.3784679890637244	-0.3437178094176124	-8.747947594761553e-5	-7.659685281610877e-6
1.6164188425976827e-5	3.623130749895355e-5	-3.261766007384856e-6	0.00995675879261316	-0.8642391592715805	-0.2445323145942612	0.00012806897276028534	8.117920216241723e-6
-1.566236497112765e-5	-3.307604283486833e-5	2.6429572529766365e-6	0.0024566159226637905	-0.08445637983832062	0.2707614690098219	-0.00023790266647070102	-8.655786579853854e-6
1.5204487377380987e-5	3.043250503468663e-5	-2.377281316496342e-6	-5.705652878955056e-5	0.33414082243409143	1.0049188820480845	-0.002663164317798575	9.294866136838622e-6
-1.4784266907338271e-5	-2.8183063983681825e-5	2.265494056763763e-6	-4.043117296651917e-6	0.344025263338052	1.267946461579	-0.010986215982255777	-1.0063555813580311e-5
1.439660301932486e-5	2.6243892288415812e-5	-2.224816330754777e-6	9.455171530618841e-6	0.19870865412409272	0.5675338713307371	-0.04160400131067513	1.0996817043880502e-5
-1.4037313866938492e-5	-2.455360002380943e-5	2.217636727938013e-6	-9.111485639788703e-6	0.08030060352570668	-0.6256169780575083	-0.11806894238692349	-1.2126112281452221e-5
1.3702936569427666e-5	2.3066169609615316e-5	-2.225781215139627e-6	8.00416444293391e-6	0.024152884072880042	-1.2773275725037494	-0.24393185978746443	1.3419553016928717e-5
-1.3390577314814993e-5	-2.1746405386210113e-5	2.2401144325060655e-6	-6.921995463587287e-6	0.005769748760523528	-0.9707321854045922	-0.32484245033589254	-1.4440975085262771e-5
1.3097797430238654e-5	2.056691198091328e-5	-2.2559564093581457e-6	5.993241364117471e-6	0.0013069241744557132	-0.23358457759029355	-0.14465521141336732	1.191783031485354e-5
-1.2822525789921439e-5	-1.9506033684444176e-5	2.2709206238309966e-6	-5.217392551388137e-6	-0.0002781303738745103	0.25945339414247365	0.4245606715845605	2.9639785333704106e-5
1.2562990783978077e-5	1.8546415982546974e-5	-2.283837907307202e-6	4.570210733657122e-6	0.00013954707846830532	0.34058336638364145	1.0654696914727084	-0.0018603258631961065
-1.2317666943444432e-5	-1.7673980388067527e-5	2.2941974835355064e-6	-4.0269575470778355e-6	-9.304350306522068e-5	0.21856796031719775	1.0981729321448928	-0.007564211726697845
1.208523262658875e-5	1.6877180149143048e-5	-2.301846757381683e-6	3.567062108943362e-6	7.051235491883693e-5	0.09526724646809366	0.25283571915179026	-0.030110289042817047
-1.1864536207190701e-5	-1.6146450849383628e-5	2.3068259261028907e-6	-3.1743220124709156e-6	-5.729231834858786e-5	0.03071306680828815	-0.8143216425019872	-0.09066733191910868
1.1654568878653708e-5	1.5473798765592846e-5	-2.3092751967389806e-6	2.8361466253624648e-6	4.8590397550486136e-5	0.007558987248021291	-1.1908763424641242	-0.2010612828278379
-1.1454442544248962e-5	-1.485248819781981e-5	2.309382257451089e-6	-2.542740289331972e-6	-4.2410740805341165e-5	0.0018523960355201078	-0.7367251891855122	-0.2982270207755959
1.126337169587681e-5	1.4276800978006547e-5	-2.3073525165268387e-6	2.2864280956285973e-6	3.778076914298727e-5	-0.00013751363618010837	-0.06412156300206406	-0.19784870870387644
-1.1080658579660208e-5	-1.3741849447683515e-5	2.3033924013255085e-6	-2.0611405431860777e-6	-3.4171431539835545e-5	4.302615801514721e-5	0.2914516625614923	0.2635310643665845
1.0905680871604446e-5	1.3243429480500097e-5	-2.2977003098450316e-6	1.8620295008346688e-6	3.127060498206739e-5	-2.212702770267413e-5	0.2960445852426905	0.89215463809529
-1.073788133753276e-5	-1.2777903786066922e-5	2.2904620339801884e-6	-1.6851836819536396e-6	-2.8882301962195817e-5	1.4331841107130746e-5	0.16985473897288336	1.0828409923253999
1.057675928228683e-5	1.23421085135014e-5	-2.2818487567179745e-6	1.527417256679189e-6	2.6877229644747944e-5	-1.05126622142624e-5	0.06831194636608454	0.44157374892708984
-1.0421863279610268e-5	-1.19332778884231e-5	2.2720165553712232e-6	-1.3861117241634214e-6	-2.5166605915541068e-5	8.309249278225643e-6	0.02044471312245514	-0.5840864834114036
1.0272784977642935e-5	1.1548982838480667e-5	-2.2611067867494396e-6	1.25909657450823e-6	2.368740954409822e-5	-6.894039735425842e-6	0.004885659877053257	-1.105891715949037
-1.0129153920831729e-5	-1.1187080737068316e-5	2.2492469034859995e-6	-1.144558414113135e-6	-2.2393638615364736e-5	5.91409707696897e-6	0.0010888401839319764	-0.8083022968000293
9.99063305462965e-6	1.0845673992508447e-5	-2.2365514600913805e-6	1.0409710928183435e-6	2.12509046876199e-5	-5.196971451111163e-6	-0.00023785371987432608	-0.1722967620467379
-9.856914868412525e-6	-1.0523075604925751e-5	2.2231232365001547e-6	-9.470414201552132e-7	-2.0232966708886754e-5	4.649565703290276e-6	0.00011854250777960277	0.23450138186101965
9.72771810631474e-6	1.0217780457448745e-5	-2.209054358307552e-6	8.616666831980279e-7	1.931943846093045e-5	-4.217645549724886e-6	-7.790249396294417e-5	0.2905603664884421
-9.602784897235697e-6	-9.928441224270652e-6	2.1944273258515464e-6	-7.839010924870054e-7	-1.8494230526426357e-5	3.867663444771887e-6	5.8076517661685176e-5	0.1822634142385361
9.481878250433966e-6	9.653847994737867e-6	-2.1793159995874713e-6	7.129289907311757e-7	1.7744465965555774e-5	-3.577837737132995e-6	-4.640782706659065e-5	0.0781843746882787
-9.364779893774351e-6	-9.392911048254816e-6	2.1637865242345847e-6	-6.480433759912105e-7	-1.7059709678944073e-5	3.3334497647951664e-6	3.871960030718005e-5	0.024844926976772475
9.251288386249634e-6	9.14464614053345e-6	-2.1478981228877786e-6	5.886285568003068e-7	1.6431410247991624e-5	-3.1242149038895706e-6	-3.326176783583096e-5	0.006066548227987893
-9.141217426419306e-6	-8.908161933466792e-6	2.1317038311423726e-6	-5.341459656957057e-7	-1.5852488823448143e-5	2.9427392447368724e-6	2.9177792214113763e-5	0.0014739242904327882
9.034394400997359e-6	8.682649199993987e-6	-2.115251175053561e-6	4.841225435030324e-7	1.5317031735801435e-5	-2.7835752839797886e-6	-2.6000240424101138e-5	-0.00014948026714058972
-8.930659095196119e-6	-8.467371482631674e-6	2.0985827411930736e-6	-4.38141194684632e-7	-1.4820057398031873e-5	2.642623162595469e-6	2.3452661543847685e-5	5.536556546028256e-5
8.829862528482451e-6	8.261657050238307e-6	-2.0817367015578614e-6	3.958328191384541e-7	1.4357337320071206e-5	-2.5167390916569854e-6	-2.1361132190718005e-5	-3.14043058554781e-5
-8.731865943585008e-6	-8.064891870578425e-6	2.0647472917634486e-6	-3.5686966420576547e-7	-1.3925257122405029e-5	2.4034722835627317e-6	1.961073947400216e-5	2.150794144518062e-5
8.636539910087728e-6	7.876513501675135e-6	-2.0476452125176644e-6	3.2095978609782977e-7	1.3520707454314444e-5	-2.3008839153585428e-6	-1.8122478972532294e-5	-1.6270092863531384e-5
-8.543763504613675e-6	-7.69600575464676e-6	2.030457999331004e-6	-2.878423458990939e-7	-1.3140997488108526e-5	2.207419861166859e-6	1.684021512097048e-5	1.3061335398186503e-5
8.453423574950519e-6	7.5228939901681776e-6	-2.013210362155592e-6	2.5728361970897e-7	1.2783785752255934e-5	-2.121819509652391e-6	-1.5722940268289457e-5	-1.090016541302879e-5
-8.365414129783812e-6	-7.356741003690943e-6	1.9959244616074932e-6	-2.2907363788426178e-7	-1.2447024399701387e-5	2.043049330746395e-6	1.4739980775457579e-5	9.345583672114255e-6
8.279635718594584e-6	7.197143383535651e-6	-1.9786201724112086e-6	2.0302328911666957e-7	1.212891383856751e-5	-1.970253672284187e-6	-1.3867919513002294e-5	-8.17231508947618e-6
-8.195994904775222e-6	-7.04372828156191e-6	1.9613153266440183e-6	-1.7896182539310398e-7	-1.1827865610106465e-5	1.9027177989793986e-6	1.3088558121996824e-5	7.2539670427464325e-6
8.114403845454415e-6	6.896150558990686e-6	-1.944025901899618e-6	1.5673474384093267e-7	1.1542471843925867e-5	-1.8398398331924104e-6	-1.2387530850240486e-5	-6.514375976937599e-6
-8.034779787077874e-6	-6.754090263950763e-6	1.9267662145792566e-6	-1.362019411000073e-7	-1.1271479858518963e-5	1.7811091273425079e-6	1.1753339053159552e-5	5.904995777877759e-6
7.9570447240365e-6	6.617250333259985e-6	-1.9095490873457694e-6	1.1723609525872503e-7	1.1013770984251811e-5	-1.7260894129096194e-6	-1.117666448297188e-5	-5.393450736766718e-6
-7.881125063857517e-6	-6.485354589376121e-6	1.8923859900104686e-6	-9.972128742250544e-8	-1.0768342825334136e-5	1.6744056012563957e-6	1.0649871597266597e-5	4.957329832414934e-6
7.806951235009297e-6	6.3581459544787165e-6	-1.8752871724523835e-6	8.355178896650435e-8	1.053429427396853e-5	-1.6257333016406747e-6	-1.01666407723978e-5	-4.580628439369835e-6
-7.734457479431498e-6	-6.235384759838348e-6	1.8582617812278932e-6	-6.863097993949327e-8	-1.031081279594949e-5	1.5797904003527827e-6	9.721693910879729e-6	4.2516103688180394e-6
7.663581532413008e-6	6.116847350265934e-6	-1.8413179790964973e-6	5.487042732187853e-8	1.0097163624079138e-5	-1.5363302996367387e-6	-9.310586266718995e-6	-3.961471445698044e-6
-7.594264383008609e-6	-6.002324753587821e-6	1.8244630134297028e-6	-4.2189064358753104e-8	-9.892680528405588e-6	1.4951364324347465e-6	8.929546530641812e-6	3.703475258224138e-6
7.526450098497931e-6	5.891621445941692e-6	-1.8077033217315639e-6	3.0512451424093644e-8	9.696757832339335e-6	-1.4560177286216225e-6	-8.575352619649007e-6	-3.472377532400539e-6
-7.460085540519654e-6	-5.784554358987437e-6	1.7910446219621543e-6	-1.977213961115635e-8	-9.508843579718121e-6	1.4188049123859064e-6	8.245234136984279e-6	3.26403275126249e-6
7.395120255487232e-6	5.680951841063593e-6	-1.7744919292668784e-6	9.90510932199524e-9	9.328433619142982e-6	-1.3833474402956887e-6	-7.936795015951004e-6	-3.075119128904332e-6
-7.3315062684034015e-6	-5.58065280236708e-6	1.7580496821071833e-6	-8.532483160623908e-10	-9.155066405516505e-6	1.349510915543114e-6	7.64795165594869e-6	2.902942370354436e-6
7.269197898548688e-6	5.483505932597062e-6	-1.7417217690270647e-6	-7.4371013579454676e-9	8.988318547945586e-6	-1.317174935222086e-6	-7.376883039066446e-6	-2.7452931020987983e-6
-7.2081516753062016e-6	-5.389368916781437e-6	1.7255115507007982e-6	1.5015519185483204e-8	-8.827800862704716e-6	1.2862312940295205e-6	7.12199014668027e-6	2.6003416131384327e-6
7.148326150259705e-6	5.2981078448356355e-6	-1.709421977744325e-6	-2.1927904148870863e-8	8.67315491441544e-6	-1.2565824397338243e-6	-6.881862732385166e-6	-2.46655894355371e-6
-7.089681791892926e-6	-5.209596545617177e-6	1.6934555598427785e-6	2.8216787759320583e-8	-8.52405000569455e-6	1.2281401469237992e-6	6.655251969929625e-6	2.3426569323513663e-6
7.03218087594504e-6	5.123716047570739e-6	-1.677614443095738e-6	-3.3921589696275134e-8	8.380180477231888e-6	-1.2008244313021434e-6	-6.441047727604556e-6	-2.2275421488039125e-6
-6.975787372987785e-6	-5.040354107447587e-6	1.6619004491071507e-6	3.9078941094445365e-8	-8.241263351630323e-6	1.1745625758115666e-6	6.238259605728222e-6	2.12028004982116e-6
6.920466846476093e-6	4.959404686178187e-6	-1.6463150614668847e-6	-4.372287917558335e-8	8.107036219695682e-6	-1.1492882906879191e-6	-6.046001057350288e-6	-2.020066793986054e-6
-6.866186359459294e-6	-4.88076756891475e-6	1.6308595247525359e-6	4.788504804406813e-8	-7.977255389783872e-6	1.1249410241450097e-6	5.863475966255417e-6	1.9262069065338604e-6
6.812914411926791e-6	4.804347957148175e-6	-1.615534801186213e-6	-5.159494854853552e-8	7.851694196275115e-6	-1.10146532347031e-6	-5.689967269791829e-6	-1.8380954089671546e-6
-6.760620820452092e-6	-4.730056102285361e-6	1.6003416257301617e-6	5.488005018392595e-8	-7.730141515703465e-6	1.078810304229068e-6	5.524827292166017e-6	1.755203366883484e-6
6.70927667819487e-6	4.657806984317788e-6	-1.5852805517424372e-6	-5.776598300021309e-8	7.612400472909201e-6	-1.0569291698557928e-6	-5.367469461753213e-6	-1.677066151945471e-6
-6.658854287377758e-6	-4.587519996825545e-6	1.5703519067903428e-6	6.027668849677573e-8	-7.498287159904226e-6	1.0357788015993596e-6	5.217361182902117e-6	1.6032738512080136e-6
6.6093270532980855e-6	4.519118676902461e-6	-1.5555558718512943e-6	-6.243450793732534e-8	7.387629635117065e-6	-1.0153194015981753e-6	-5.07401772206892e-6	-1.5334633224507536e-6
-6.560669480899952e-6	-4.4525304250156225e-6	1.5408924708938484e-6	6.426036623489322e-8	-7.2802669500333114e-6	9.955141546925512e-7	4.936996897414056e-6	1.4673116166882652e-6
6.512857083892526e-6	4.387686280703109e-6	-1.5263615742304117e-6	-6.577382144233255e-8	7.176048184789185e-6	-9.763289662484378e-7	-4.805894445261624e-6	-1.40453050870632e-6
-6.4658663257722695e-6	-4.324520695287695e-6	1.5119629396966401e-6	6.699318280964321e-8	-7.074831778205993e-6	9.577321823975416e-7	4.680340029807943e-6	1.3448618763249032e-6
6.419674607628793e-6	4.262971312133657e-6	-1.497696202922144e-6	-6.793564182963937e-8	6.976484739757667e-6	-9.396943966459597e-7	-4.559993716759786e-6	-1.2880738164996157e-6
-6.374260182724655e-6	-4.202978792605368e-6	1.4835608973300616e-6	6.861727823434084e-8	-6.880881971438083e-6	9.221882434294165e-7	4.444542876507994e-6	1.2339573609636729e-6
6.32960213333044e-6	4.144486626414967e-6	-1.4695564627459035e-6	-6.905320196288955e-8	6.787905772975015e-6	-9.051881782033234e-7	-4.33369949518227e-6	-1.1823236672225542e-6
-6.285680331191645e-6	-4.087440963162122e-6	1.455682257039828e-6	6.925760808822301e-8	-6.697445196408315e-6	8.886703943882306e-7	4.22719777174252e-6	1.1330016129625097e-6
6.242475389504286e-6	4.031790469321311e-6	-1.4419375598619285e-6	-6.924380624788122e-8	6.609395610346656e-6	-8.726126239029712e-7	-4.124791992737427e-6	-1.0858357456269833e-6
-6.199968634297515e-6	-3.9774861738560794e-6	1.4283215824236432e-6	6.90243306102983e-8	-6.5236582711349525e-6	8.569940026666644e-7	4.026254664271764e-6	1.0406845047525322e-6
6.158142067457793e-6	3.924481336082799e-6	-1.4148334816193865e-6	-6.861096509687805e-8	6.440139830721164e-6	-8.41795014517556e-7	-3.9313748547471786e-6	-9.974186697184832e-7
-6.116978340375979e-6	-3.872731326169619e-6	1.40147235196596e-6	6.801479111273034e-8	-6.358752046933861e-6	8.269973181694719e-7	3.839956673658681e-6	9.55920042630669e-7
6.0764607134408996e-6	3.82219350201876e-6	-1.3882372426834238e-6	-6.72462503508019e-8	6.279411403008987e-6	-8.125836943467522e-7	-3.7518179697676347e-6	-9.160802742624997e-7
-6.036573037449039e-6	-3.7728271030041063e-6	1.3751271663788533e-6	6.63151811284983e-8	-6.202038760760502e-6	7.98537954860956e-7	3.6667891559490067e-6	8.777998384658116e-7
5.997299726477975e-6	3.7245931466742672e-6	-1.362141089075064e-6	-6.523084856271015e-8	6.1265591245415966e-6	-7.848448391250842e-7	-3.5847120799732007e-6	-8.409871534680634e-7
-5.958625725779125e-6	-3.6774543373664127e-6	1.3492779465015627e-6	6.400199361652147e-8	-6.052901342455729e-6	7.714899917868266e-7	3.5054391389426547e-6	8.055577873617036e-7
5.920536490680261e-6	3.6313749697451504e-6	-1.3365366506912784e-6	-6.263686628083859e-8	5.980997846264453e-6	-7.58459847186186e-7	-3.428832382026329e-6	-7.714337615630714e-7
-5.88301797271661e-6	-3.586320849108772e-6	1.3239160823791216e-6	6.114324478181807e-8	-5.9107844555523615e-6	7.457415975257534e-7	3.3547626989549107e-6	7.385429411662211e-7
5.846056588616734e-6	3.5422592195951875e-6	-1.3114151013351105e-6	-5.952847935670304e-8	5.8422001483664034e-6	-7.333231545734409e-7	-3.2831091903241464e-6	-7.068184995990099e-7
-5.80963919377367e-6	-3.4991586728336993e-6	1.2990325537914032e-6	5.7799513623004944e-8	-5.775186854855176e-6	7.211930541228536e-7	3.213758456028936e-6	6.761984128348809e-7
5.773753087985551e-6	3.456989095210808e-6	-1.286767266627388e-6	-5.5962904794244245e-8	5.709689307660826e-6	-7.093404581680712e-7	-3.146604053470646e-6	-6.466250433436289e-7
-5.738385972379234e-6	-3.4157216028680063e-6	1.2746180522081061e-6	5.402485417600284e-8	-5.645654844402222e-6	6.977550941567992e-7	3.081545981411735e-6	6.180447693438007e-7
