-5.866646853713192e-6	7.160453412488913e-6	3.275973639605749e-6	3.526310733630607e-6	1.5006149064791197e-6	-7.143819165337136e-7	-3.534350448437895e-6	-5.411571920821218e-7
5.906103163545041e-6	-7.202336323215801e-6	-3.3085724738260295e-6	-3.555880058960217e-6	-1.5002182597395882e-6	7.104524967968374e-7	3.5543839954179623e-6	5.435534975044605e-7
-5.946196146731272e-6	7.244791790526166e-6	3.3416482420564596e-6	3.5858608646408877e-6	1.4997804526289523e-6	-7.064667675343856e-7	-3.574649338238371e-6	-5.459731403450546e-7
5.986941470778094e-6	-7.28783222999481e-6	-3.375211751243567e-6	-3.616262069705732e-6	-1.4993001049963836e-6	7.024235129715114e-7	3.595150756499355e-6	5.484164935464476e-7
-6.028355321232183e-6	7.331470438929498e-6	3.4092741446648657e-6	3.6470928484296715e-6	1.4987757817886758e-6	-6.983214756357855e-7	-3.615892636554429e-6	-5.508839354403266e-7
6.0704544222227305e-6	-7.3757195975164735e-6	-3.4438468994714415e-6	-3.6783626649117576e-6	-1.4982059883320922e-6	6.94159375560016e-7	3.636879472674681e-6	5.533758544338753e-7
-6.113256064835879e-6	7.420593282403291e-6	3.4789418591445396e-6	3.7100812477929424e-6	1.4975891886649577e-6	-6.899358851729142e-7	-3.6581158798737016e-6	-5.558926474934519e-7
6.156778119248139e-6	-7.46610549317863e-6	-3.514571235652392e-6	-3.742258629843564e-6	-1.4969237794004225e-6	6.85649633792267e-7	3.679606590211428e-6	5.584347190402816e-7
-6.201039071110438e-6	7.512270659415091e-6	3.5507476309014725e-6	3.7749051474004986e-6	1.4962081007883788e-6	-6.812992264020102e-7	-3.70135645982142e-6	-5.610024863273038e-7
6.246058046487843e-6	-7.559103659674736e-6	-3.5874840451512487e-6	-3.8080314474643003e-6	-1.4954404346089172e-6	6.768832125213782e-7	3.7233704719664425e-6	5.635963715191569e-7
-6.291854830034478e-6	7.606619842031146e-6	3.624793900362522e-6	3.8416485129539865e-6	1.494618992610452e-6	-6.724000972319857e-7	-3.7456537408504426e-6	-5.662168102681806e-7
6.338449906943617e-6	-7.654835044550103e-6	-3.662691057209893e-6	-3.875767662930071e-6	-1.4937419241019083e-6	6.678483540822345e-7	3.7682115215359757e-6	5.688642478609865e-7
-6.385864485637288e-6	7.703765608214374e-6	3.7011898231583103e-6	3.910400575744948e-6	1.4928073042845113e-6	-6.632263965990586e-7	-3.79104920340939e-6	-5.715391373224486e-7
6.434120532684254e-6	-7.75342840278112e-6	-3.740304986721063e-6	-3.945559293409532e-6	-1.4918131383231302e-6	6.585325917658703e-7	3.8141723262835066e-6	5.742419466970348e-7
-6.483240808717929e-6	7.803840853402956e-6	3.780051823812903e-6	3.9812562503079175e-6	1.490757352695301e-6	-6.537652654063033e-7	-3.837586582259375e-6	-5.769731512530184e-7
6.533248899272273e-6	-7.855020952362517e-6	-3.820446126425244e-6	-4.017504273376578e-6	-1.4896377931738305e-6	6.48922678534342e-7	3.861297813692951e-6	5.797332406225009e-7
-6.5841692603699114e-6	7.906987291789594e-6	3.861504222933886e-6	4.054316605628141e-6	1.4884522262166066e-6	-6.440030448550326e-7	-3.885312030774385e-6	-5.82522715378686e-7
6.6360272536042345e-6	-7.95975909022932e-6	-3.903242997043679e-6	-4.091706933290543e-6	-1.4871983248210915e-6	6.39004521755191e-7	3.909635410145425e-6	5.853420853028494e-7
-6.688849188766738e-6	8.0133562127207e-6	3.945679921341807e-6	4.129689379457554e-6	1.4858736753395738e-6	-6.33925202761723e-7	-3.934274297697897e-6	-5.881918797675867e-7
6.742662370270312e-6	-8.067799204341286e-6	-3.988833071736509e-6	-4.168278547790138e-6	-1.4844757669169364e-6	6.287631261990458e-7	3.959235224378184e-6	5.91072635525274e-7
-6.797495147959571e-6	8.123109321042148e-6	4.0327211625360565e-6	4.207489531107843e-6	1.4830019887665922e-6	-6.235162612400298e-7	-3.984524907633601e-6	-5.939849000569945e-7
6.853376959181972e-6	-8.179308557235485e-6	-4.077363572076018e-6	-4.247337929143652e-6	-1.4814496250910269e-6	6.181825153091584e-7	4.010150251555313e-6	5.96929246039065e-7
-6.910338387131e-6	8.236419679312519e-6	4.122780373853066e-6	4.2878398786533714e-6	1.4798158508224265e-6	-6.127597237456399e-7	-4.036118369139626e-6	-5.999062499313199e-7
6.968411224318373e-6	-8.294466269214137e-6	-4.168992363896947e-6	-4.329012071312514e-6	-1.4780977288210145e-6	6.072456500090649e-7	4.062436578095342e-6	6.029165036045615e-7
-7.027628514933186e-6	8.353472748442018e-6	4.216021100903234e-6	4.370871783674952e-6	1.4762921958338725e-6	-6.016379861299326e-7	-4.089112407181603e-6	-6.059606232713115e-7
7.088024633491616e-6	-8.413464424026335e-6	-4.263888939199575e-6	-4.413436891862889e-6	-1.4743960691444338e-6	5.959343406272146e-7	4.116153618104786e-6	6.090392310168758e-7
-7.149635350114271e-6	8.474467538839523e-6	4.3126190571575236e-6	4.456725913095793e-6	1.4724060311078451e-6	-5.90132245223084e-7	-4.143568198873635e-6	-6.121529699315929e-7
7.212497892852277e-6	-8.536509295886262e-6	-4.362235516599525e-6	-4.500758025445542e-6	-1.470318623658677e-6	5.842291450972071e-7	4.171364378693503e-6	6.15302500216745e-7
-7.276651034453498e-6	8.599617919371133e-6	4.412763282863205e-6	4.545553097286187e-6	1.4681302484403913e-6	-5.782223956518319e-7	-4.199550642924562e-6	-6.184884989853586e-7
7.342135165438663e-6	-8.663822705775992e-6	-4.46422827833772e-6	-4.591131727075513e-6	-1.4658371508369438e-6	5.721092617823067e-7	4.228135733603549e-6	6.217116611760334e-7
-7.408992388340805e-6	8.729154063142883e-6	4.5166574396043374e-6	4.637515265678127e-6	1.4634354179872396e-6	-5.658869118975009e-7	-4.257128662786287e-6	-6.249727007046279e-7
7.477266597784202e-6	-8.795643577232154e-6	-4.5700787449218375e-6	-4.684725866113031e-6	-1.4609209672644555e-6	5.595524115213066e-7	4.2865387302799495e-6	6.282723530825141e-7
-7.547003586226508e-6	8.863324067294555e-6	4.6245212828441355e-6	4.732786509108567e-6	1.4582895432182393e-6	-5.531027225136977e-7	-4.316375524565084e-6	-6.316113695230029e-7
7.618251153045822e-6	-8.932229649590194e-6	-4.680015307468007e-6	-4.781721044619549e-6	-1.4555367013356604e-6	5.465346980687053e-7	4.346648938184994e-6	6.349905282240991e-7
-7.691059194635286e-6	9.002395798928716e-6	4.736592289599671e-6	4.831554245480694e-6	1.4526578011719047e-6	-5.39845072517868e-7	-4.377369188699852e-6	-6.384106241559683e-7
7.765479849165083e-6	-9.07385942441385e-6	-4.7942849841366295e-6	-4.8823118395121704e-6	-1.4496480037974407e-6	5.330304626003163e-7	4.408546818246986e-6	6.418724762532483e-7
-7.841567605241197e-6	9.146658946565309e-6	4.853127498110434e-6	4.934020558311306e-6	1.4465022453420557e-6	-5.260873606061794e-7	-4.440192713737156e-6	-6.453769303912188e-7
7.91937943928517e-6	-9.220834366305783e-6	-4.913155362430332e-6	-4.98670819481261e-6	-1.4432152392906552e-6	5.190121224312258e-7	4.472318128451356e-6	6.489248506932509e-7
-7.998974971908627e-6	9.296427364108065e-6	4.974405599616587e-6	5.040403654519655e-6	1.4397814628262328e-6	-5.11800967802907e-7	-4.504934684281189e-6	-6.525171314355607e-7
8.080416603788775e-6	-9.373481380427734e-6	-5.036916816616409e-6	-5.095137004936932e-6	-1.4361951327527061e-6	5.044499757925614e-7	4.538054392790448e-6	6.561546918099409e-7
-8.163769701130871e-6	9.45204171873241e-6	5.100729282389986e-6	5.150939545649926e-6	1.4324502043760594e-6	-4.969550677829062e-7	-4.571689682340349e-6	-6.598384772062743e-7
8.24910276282957e-6	-9.532155644998644e-6	-5.1658850179521245e-6	-5.207843867103569e-6	-1.428540354816012e-6	4.893120068803887e-7	4.6058533994102065e-6	6.635694627167803e-7
-8.336487608207203e-6	9.6138725000548e-6	5.232427905708876e-6	5.265883917802655e-6	1.424458959681824e-6	-4.815163941668842e-7	-4.640558834126014e-6	-6.673486524940513e-7
8.42599959816866e-6	-9.697243824299081e-6	-5.300403778651728e-6	-5.3250950871765646e-6	-1.4201990830099928e-6	4.735636520276671e-7	4.67581975106679e-6	6.711770823441388e-7
-8.517717843493276e-6	9.782323466321743e-6	5.369860544898433e-6	5.385514264044734e-6	1.4157534615835016e-6	-4.6544901588162106e-7	-4.711650391407393e-6	-6.750558172876907e-7
8.611725438926432e-6	-9.869167743598822e-6	-5.440848298654948e-6	-5.44717993656824e-6	-1.411114480283013e-6	4.571675323293645e-7	4.748065504608581e-6	6.789859594805834e-7
-8.708109741480533e-6	9.95783557304205e-6	5.513419455341373e-6	5.510132278199867e-6	1.4062741535362563e-6	-4.4871404651477386e-7	-4.7850803801056594e-6	-6.829686442292394e-7
8.806962621693594e-6	-1.004838862044141e-5	-5.5876288838734734e-6	-5.574413228294752e-6	-1.4012241072206279e-6	4.4008318121106934e-7	4.822710853263544e-6	6.870050400662926e-7
-8.908380776531333e-6	1.0140891493008061e-5	5.6635340494093586e-6	5.640066609781949e-6	1.3959555538178201e-6	-4.312693403813611e-7	-4.860973345643157e-6	-6.910963591176961e-7
9.012466059835484e-6	-1.0235411902009113e-5	-5.741195192023248e-6	-5.707138224768707e-6	-1.390459263972317e-6	4.222666946510491e-7	4.8998848944428415e-6	6.952438485768007e-7
-9.119325801979025e-6	1.0332020850363921e-5	5.820675465705021e-6	5.775675979940683e-6	1.3847255478843302e-6	-4.130691538631427e-7	-4.939463165258138e-6	-6.994487970060659e-7
9.229073234580429e-6	-1.0430792872728024e-5	-5.902041143732708e-6	-5.845729997045575e-6	-1.378744221798031e-6	4.036703734790176e-7	4.979726503556614e-6	7.037125374677333e-7
-9.341827857969906e-6	1.0531806234185588e-5	5.985361816754215e-6	5.9173527552087675e-6	1.372504575550932e-6	-3.940637313896911e-7	-5.020693955766391e-6	-7.080364477982072e-7
9.457715904589978e-6	-1.0635143176005047e-5	-6.070710582493111e-6	-5.990599236986456e-6	-1.365995352721128e-6	3.8424230589609167e-7	5.062385301741908e-6	7.124219518897595e-7
-9.57687084784431e-6	1.074089021342788e-5	6.158164296104919e-6	6.065527059131429e-6	1.3592046958682802e-6	-3.7419887229630577e-7	-5.104821106902917e-6	-7.168705202574582e-7
9.699433873716338e-6	-1.0849138372363918e-5	-6.24780381553675e-6	-6.1421966686093305e-6	-1.3521201277632654e-6	3.639258761720474e-7	5.148022741381119e-6	7.213836807786888e-7
-9.825554514904897e-6	1.0959983537585459e-5	6.339714251778357e-6	6.2206714902188845e-6	1.3447285071684075e-6	-3.5341541886286336e-7	-5.192012437185678e-6	-7.259630103009402e-7
9.955391250646988e-6	-1.1073526788590862e-5	-6.433985271447371e-6	-6.301018128820034e-6	-1.3370159677369145e-6	3.426592335415099e-7	5.2368133314200595e-6	7.306101406960014e-7
-1.0089112177660372e-5	1.1189874730999366e-5	6.530711417229267e-6	6.3833065876524845e-6	1.3289679062719502e-6	-3.316486683736063e-7	-5.282449499903882e-6	-7.353267675307338e-7
1.022689580610174e-5	-1.1309139942409269e-5	-6.629992421223072e-6	-6.467610455453006e-6	-1.3205688987966503e-6	3.203746628770678e-7	5.328946027308652e-6	7.401146455286343e-7
-1.0368931833660796e-5	1.1431441377683039e-5	6.731933596988621e-6	6.554007179988062e-6	1.3118026597263628e-6	-3.0882771594104436e-7	-5.37632904888061e-6	-7.449755926279145e-7
1.0515422080412529e-5	-1.155690483997477e-5	-6.836646238822716e-6	-6.642578314805306e-6	-1.302651999863197e-6	2.969978720172331e-7	5.424625805812145e-6	7.499114966176651e-7
-1.0666581480155458e-5	1.1685663522895982e-5	6.944248037246624e-6	6.733409784119412e-6	1.2930987258011298e-6	-2.8487468194596764e-7	-5.4738647180763045e-6	-7.549243190561449e-7
1.0822639139915391e-5	-1.1817858549042232e-5	-7.0548635783598965e-6	-6.826592211712359e-6	-1.2831236075715942e-6	2.724471758336373e-7	5.524075439019786e-6	7.600160907974443e-7
-1.0983839603197601e-5	1.1953639607250409e-5	7.1686248556992e-6	6.922221234318651e-6	1.2727062947469681e-6	-2.5970383302537516e-7	-5.575288929099763e-6	-7.651889254215119e-7
1.1150444132268809e-5	-1.2093165633164533e-5	-7.285671823792934e-6	-7.0203978625652385e-6	-1.2618252106410908e-6	2.4663254310198223e-7	5.627537533026513e-6	7.704450223466507e-7
-1.1322732189524952e-5	1.223660553790764e-5	7.406153041385153e-6	7.121228873826204e-6	1.2504575099117709e-6	-2.3322056683450767e-7	-5.6808550574400065e-6	-7.757866610600172e-7
1.1501003111578927e-5	-1.2384139064639277e-5	-7.530226335138493e-6	-7.224827231711502e-6	-1.2385789542528838e-6	2.1945449820172628e-7	5.7352768553886504e-6	7.812162189136504e-7
-1.1685577867915382e-5	1.2535957668969243e-5	7.658059549432709e-6	7.33131255951688e-6	1.2261637973250079e-6	-2.0532022219794657e-7	-5.79083992321839e-6	-7.867361711566997e-7
1.1876801115722416e-5	-1.2692265523936854e-5	-7.789831383982806e-6	-7.440811628596392e-6	-1.2131847238292061e-6	1.9080285275680838e-7	5.847582996798896e-6	7.923490911069022e-7
-1.2075043456320398e-5	1.2853280658887265e-5	7.925732263294774e-6	7.553458930211642e-6	1.1996126665698703e-6	-1.7588669872593604e-7	-5.905546654566542e-6	-7.980576631901847e-7
1.2280703929501018e-5	-1.3019236151697159e-5	-8.065965375273491e-6	-7.669397271694325e-6	-1.185416707302234e-6	1.6055520214622352e-7	5.964773441746014e-6	8.038646881634429e-7
-1.24942128587526e-5	1.3190381520269906e-5	8.210747754466266e-6	7.788778440019595e-6	1.1705639418247827e-6	-1.4479085673133105e-7	-6.025307981839419e-6	-8.097730853178645e-7
1.2716035008903884e-5	-1.3366984251425742e-5	-8.3603114836917e-6	-7.911763946727565e-6	-1.1550192683914357e-6	1.2857517513576898e-7	6.087197118511194e-6	8.157859008463617e-7
-1.2946673153145451e-5	1.3549331477563761e-5	8.514905097349689e-6	8.038525805264297e-6	1.1387452792563526e-6	-1.1188859842070451e-7	-6.150490055783307e-6	-8.219063231575205e-7
1.3186672101943568e-5	-1.373773189645834e-5	-8.674795040335216e-6	-8.169247456285908e-6	-1.1217020158841537e-6	9.471039513584379e-8	6.215238510294895e-6	8.281376780400158e-7
-1.3436623248048017e-5	1.3932517900835544e-5	8.840267359772996e-6	8.304124715476079e-6	1.1038467766038673e-6	-7.701862689191762e-8	-6.281496886991428e-6	-8.344834465380288e-7
1.369716974273769e-5	-1.4134047961538848e-5	-9.011629593431093e-6	-8.443366860724142e-6	-1.0851338975537199e-6	5.8790008348342235e-8	6.3493224488092845e-6	8.409472757953634e-7
-1.3969012363027145e-5	1.4342709330119999e-5	9.189212830699634e-6	8.587197867687498e-6	1.0655144575049217e-6	-3.9999810402260274e-8	-6.418775524093512e-6	-8.4753297938188e-7
1.4252916220843989e-5	-1.4558921091614968e-5	-9.373374077312051e-6	-8.735857693816587e-6	-1.044936043022619e-6	2.0621783396396693e-8	6.4899197169738e-6	8.542445602594465e-7
-1.454971844831759e-5	1.4783137600815598e-5	9.564498889865395e-6	8.889603799991374e-6	1.0233423886778462e-6	-6.279763920319311e-10	-6.56282213278329e-6	-8.610862137268652e-7
1.4860337000296734e-5	-1.5015852401503556e-5	-9.763004334310535e-6	-9.04871280210299e-6	-1.000673052978529e-6	-2.001134969132034e-8	6.637553638295659e-6	8.680623476180359e-7
-1.5185780835531744e-5	1.5257602696831004e-5	9.969342337157597e-6	9.213482303937968e-6	9.768630370740866e-7	4.13278959598084e-8	-6.714189139445537e-6	-8.751775879894578e-7
1.5527161662491342e-5	-1.5508974438031355e-5	-1.0184003492514323e-5	-9.384232992431125e-6	-9.51842323262101e-7	-6.335549960209467e-8	6.792807865074314e-6	8.824368025904711e-7
-1.5885707586620984e-5	1.5770608166269335e-5	1.0407521357944848e-5	9.56131095298884e-6	9.255354317146783e-7	8.613027935504249e-8	-6.8734937111807146e-6	-8.898451178437588e-7
1.626277904737322e-5	-1.6043205741300013e-5	-1.0640477352635365e-5	-9.745090294347402e-6	-8.978608582861133e-7	-1.0969088546825406e-7	6.956335598439379e-6	8.974079199577806e-7
-1.6659887429591374e-5	1.6327538103225144e-5	1.08835063882947e-5	9.93597609964287e-6	8.687304807167142e-7	1.3407868699917382e-7	-7.041427844449572e-6	-9.051309051934994e-7
1.70787169936017e-5	-1.6624454252345837e-5	-1.113730326459075e-5	-1.0134407778546894e-5	-8.380488908240338e-7	-1.5933803187741231e-7	7.12887062501572e-6	9.130200750977228e-7
-1.752115078770145e-5	1.6934891726788165e-5	1.140263005279615e-5	1.03408628557606e-5	8.057126258490194e-7	1.855165306545913e-7	-7.218770425534124e-6	-9.210817625414762e-7
1.7989301391881375e-5	-1.725988882548702e-5	-1.1680324639968857e-5	-1.055586128319685e-5	-7.716093211830385e-7	-2.1266534946055762e-7	7.3112405615232585e-6	9.293226810701728e-7
-1.848554766372976e-5	1.7600598939685585e-5	1.1971310569434925e-5	1.0779970379453958e-5	7.35616738772595e-7	2.408395719452952e-7	-7.406401774098403e-6	-9.377499229712937e-7
1.9012578863535763e-5	-1.795830749334973e-5	-1.22766085156774e-5	-1.101381045126818e-5	-6.976016798922227e-7	-2.700985579773458e-7	7.504382841089119e-6	9.463710048735563e-7
-1.9573447934676442e-5	1.833445196969363e-5	1.2597349695211717e-5	1.1258061282461063e-5	6.574187301553605e-7	3.00506405104527e-7	-7.60532128664924e-6	-9.55193907492263e-7
2.017163631860796e-5	-1.8730645785757045e-5	-1.2934791558342795e-5	-1.1513469597908322e-5	-6.14908848239821e-7	-3.321324181278837e-7	7.709364172252967e-6	9.642270997542716e-7
-2.0811133318107958e-5	1.9148706910976527e-5	1.329033628189819e-5	1.1780857689917661e-5	5.698977518239753e-7	3.6505164040899867e-7	-7.816668944248623e-6	-9.734795913640624e-7
2.149653396972207e-5	-1.95906923099161e-5	-1.3665552689743373e-5	-1.2061133460535165e-5	-5.221940422791957e-7	-3.9934551647486136e-7	7.92740440173564e-6	9.829609711336812e-7
-2.2233160744058904e-5	2.0058939734088783e-5	1.4062202301895993e-5	1.2355302110381692e-5	4.7158708055864914e-7	4.351025458532022e-7	-8.041751783005262e-6	-9.92681462925368e-7
2.302721614132533e-5	-2.0556118745025078e-5	-1.4482270493969686e-5	-1.266447983066381e-5	-4.178445206899153e-7	-4.7241909598172266e-7	8.159905947237619e-6	1.0026519847393357e-6
-2.3885975856976592e-5	2.108529344216876e-5	1.4928004039290912e-5	1.2989909915530312e-5	3.6070944312805724e-7	5.114003392407007e-7	-8.282076731781785e-6	-1.0128841981594816e-6
2.481803565727263e-5	-2.1650000194065756e-5	-1.540195652218055e-5	-1.3332981814277128e-5	-2.9989702740508905e-7	-5.521612320206515e-7	8.408490465523177e-6	1.0233905982746646e-6
-2.583363041279263e-5	2.2254344776841524e-5	1.5907043692972135e-5	1.3695253741481611e-5	2.350906832505899e-7	5.948277513867785e-7	-8.539391659435546e-6	-1.0341845778237426e-6
2.6945051352445913e-5	-2.2903124864462666e-5	-1.644661145484234e-5	-1.4078479698718147e-5	-1.659374895472573e-7	-6.39538265022203e-7	8.67504493903598e-6	1.0452805165673556e-6
-2.816719869941538e-5	2.3601985937088648e-5	1.702451992777895e-5	1.4484641955686724e-5	9.2042815833323e-8	6.864450695493365e-7	-8.81573721214441e-6	-1.056693890302399e-6
2.951832430207621e-5	-2.4357621888722065e-5	-1.7645248272641427e-5	-1.4915990261570601e-5	-1.296399593735807e-8	-7.357162763639407e-7	8.961780140877774e-6	1.068441368173295e-6
-3.1021045336850905e-5	2.5178036135944272e-5	1.8314026577742327e-5	1.5375089574545356e-5	-7.17972390203158e-8	7.875379243998531e-7	-9.113512948842275e-6	-1.0805409492174832e-6
3.270375233334848e-5	-2.6072885636690432e-5	-1.9037003379563205e-5	-1.5864878540549394e-5	1.628038066209196e-7	-8.421164598237678e-7	9.271305631571615e-6	1.0930120978901148e-6
-3.460260356881248e-5	2.7053940538271343e-5	1.9821460578892227e-5	1.6388741632207807e-5	-2.6069413043047484e-7	8.996816986132161e-7	-9.435562637444193e-6	-1.105875910312505e-6
3.6764412506223145e-5	-2.8135707635116835e-5	-2.0676092343962057e-5	-1.6950598904150857e-5	3.661953032286629e-7	-9.604902553394161e-7	9.606727084702237e-6	1.1191552933122987e-6
-3.925093347367242e-5	2.933629021205213e-5	2.1611371525404517e-5	1.7555018621344688e-5	-4.80139129387503e-7	1.0248296408969864e-6	-9.785285648252187e-6	-1.1328751754178859e-6
4.2145405714679846e-5	-3.0678596330081784e-5	-2.264003740773346e-5	-1.8207359902704526e-5	6.034817808838054e-7	-1.093023150314355e-6	9.971774200779225e-6	1.1470627538028181e-6
-4.556287850154048e-5	3.219207251351712e-5	2.3777754773692717e-5	1.891395518013027e-5	-7.37328101816665e-7	1.1654356915787032e-6	-1.0166784375649197e-5	-1.1617477553756159e-6
4.966713703953412e-5	-3.391525065144242e-5	-2.504401907436409e-5	-1.9682346202193296e-5	8.829619138615749e-7	-1.242480825845819e-6	1.0370971235510225e-5	1.1769627714105303e-6
-5.469973192382567e-5	3.589959117518361e-5	2.646342233408926e-5	2.0521592940026016e-5	-1.0418840590208955e-6	1.3246292984258983e-6	-1.0585062251040637e-5	-1.1927436185362384e-6
6.103254860023446e-5	-3.821546349896451e-5	-2.8067460034029212e-5	-2.144268319032449e-5	1.2158606741528377e-6	-1.4124194605425675e-6	1.0809867889360799e-5	1.2091297620583396e-6
-6.926956213832336e-5	4.096179023128083e-5	2.9897169947565154e-5	2.2459083609266933e-5	-1.4069850731109662e-6	1.5064700496028037e-6	-1.1046294134657715e-5	-1.2261648284777862e-6
8.046096903951908e-5	-4.428226455808582e-5	-3.2007087685114886e-5	-2.358749283859444e-5	1.6177578699959315e-6	-1.6074960472341688e-6	1.1295357398332188e-5	1.2438971811075318e-6
-9.660526609459699e-5	4.8394014478822456e-5	3.4471355753967066e-5	2.4848889139140136e-5	-1.8511920461160938e-6	1.7163284870242403e-6	-1.1558202347160746e-5	-1.262380611529666e-6
0.00012201084279086109	-5.364141547049282e-5	-3.739349080875947e-5	-2.6270016662437222e-5	2.1109525315335965e-6	-1.8339393615152142e-6	1.183612335441707e-5	1.281675158442456e-6
-0.00016783567239884602	6.060491873505365e-5	4.092264610308276e-5	2.7885541280158422e-5	-2.401544291007461e-6	1.9614733494716097e-6	-1.2130590491415553e-5	-1.3018480758932087e-6
0.00027288346229343397	-7.034281954562959e-5	-4.528202724864319e-5	-2.9741257069606364e-5	2.728569854947335e-6	-2.1002885705535782e-6	1.2443281183240956e-5	1.3229749867591768e-6
-0.0006711679208741553	8.499793168473022e-5	5.0821529184216134e-5	3.1898994395756274e-5	-3.099088236123437e-6	2.252009524032804e-6	-1.277611908838299e-5	-1.3451412793146052e-6
-0.004655417402472432	-0.00010958776517144669	-5.812253370632082e-5	-3.44443858764184e-5	3.522125090851517e-6	-2.418596753065437e-6	1.3131322191115506e-5	1.3684437945624874e-6
-0.019393489342556944	0.000158552385551632	6.822654141607076e-5	3.749963955795906e-5	-4.009414063262776e-6	2.6024397124544797e-6	-1.3511462761457893e-5	-1.3929928554114177e-6
-0.07077345791221447	-0.00028381249278577956	-8.319749957472833e-5	-4.124553418352622e-5	4.5765015316351e-6	-2.8064824101682255e-6	1.391954281373197e-5	1.4189147880890786e-6
-0.19289593482638998	-0.003414274010295883	0.00010775166089515812	4.596144548904161e-5	-5.24444064460116e-6	3.0343961753550558e-6	-1.4359089949998588e-5	-1.4463550150258125e-6
-0.37908232875895653	-0.014074371890777353	-0.00015525813357607614	-5.2103295991649396e-5	6.042476122838493e-6	-3.290821575071101e-6	1.4834280353785403e-5	1.4754818750184987e-6
-0.46529547046137054	-0.05349124152964114	0.0002801822140312717	6.046888146919701e-5	-7.012466186234383e-6	3.5817140267924347e-6	-1.535009842871117e-5	-1.5064914529287138e-6
-0.12822827246639962	-0.1524480260836223	-0.0009535520222284308	-7.258957819604332e-5	8.21650361394373e-6	-3.914848879198573e-6	1.5912546547463716e-5	1.5396136653864223e-6
0.756469419384919	-0.3165657154601534	-0.004780355617655245	9.180823638578329e-5	-9.75078466258044e-6	4.30057877129673e-6	-1.6528924354959693e-5	-1.5751200091214434e-6
1.6240815337325663	-0.42498123328235565	-0.0200842381287329	-0.00012695273238038976	1.1772580488843165e-5	-4.753003000196644e-6	1.7208206250907143e-5	1.6133335697815065e-6
1.4913309819447995	-0.19625466046583384	-0.06957647067264937	0.00020980092452072395	-1.4557220978037917e-5	5.291835153451219e-6	-1.7961559975302415e-5	-1.6546420783558482e-6
0.13975620858457632	0.5420839360077843	-0.1796985832259143	-0.0005478202458195888	1.86319967977816e-5	-5.945505843139787e-6	1.8803072138076873e-5	1.6995151064022982e-6
-1.3347168782351728	1.3850132653200622	-0.3294352987225074	-0.0034621385362083165	-2.5138623532059084e-5	6.756562820502061e-6	-1.9750784181318123e-5	-1.748527051537841e-6
-1.693937639140202	1.4443524101893137	-0.3577445416869548	-0.014471480300262652	3.7028593002021706e-5	-7.791608952523984e-6	2.0828205993997208e-5	1.8023883354567723e-6
-0.9290544174074828	0.3517612067639157	-0.0029329714977929093	-0.052240022712522226	-6.435995179058962e-5	9.160881104361163e-6	-2.2066585955642397e-5	-1.8619883285908927e-6
0.013364304140658246	-1.049333131511199	0.7569950313579397	-0.14080886325356912	0.0001628970049179831	-1.1060249236430398e-5	2.3508418898751606e-5	1.928455509967662e-6
0.4473830672823039	-1.5592705390807204	1.3638242148301882	-0.27281736597724515	-0.0013163882131148853	1.3871715673892986e-5	-2.521305849521984e-5	-2.0032434364354767e-6
0.408026241513297	-0.9763745344524587	1.0609324943725142	-0.32691913744567447	-0.005495204577040673	-1.8441566705317586e-5	2.7266069443522635e-5	2.0882561862779844e-6
0.22141497512577002	-0.09441608668515704	-0.12981929978391954	-0.0733717787714632	-0.022627199922163218	2.7023756011590182e-5	-2.979558444364836e-5	-2.1860359313299552e-6
0.08538567674068394	0.3783072313134938	-1.206421355843722	0.5624547022952112	-0.07213968556334406	-4.7619097324649925e-5	3.3002639059410635e-5	2.3000511705443533e-6
0.024556882796947746	0.38901653066261227	-1.2989670447174588	1.1613883126008273	-0.17053892062956139	0.00012739950709808248	-3.7221654650260035e-5	-2.435153623096681e-6
0.005842282378305271	0.22453327253610753	-0.5966817177507084	1.0316973502028965	-0.27731847360877304	-0.0012188781954900819	4.305263538704913e-5	2.5983289368108487e-6
0.0011500489141929413	0.09071213214640307	0.10965392499784607	0.054255319359021614	-0.23471416861770075	-0.00502615421561929	-5.1687105775123566e-5	-2.799982821367679e-6
-0.0003490003011970222	0.027255521472077677	0.374414829578258	-0.9709165739103014	0.14179648883831467	-0.02060069557381301	6.585600514392537e-5	3.05625572247669e-6
0.00019644858126270022	0.006526614566572778	0.3025537933093332	-1.1885269440178259	0.7544634350203956	-0.06494869234617899	-9.333693897354341e-5	-3.393441828380124e-6
-0.00013789927728749378	0.001460510632435065	0.15320514109330338	-0.6294576352305278	1.0689108565859107	-0.15171076961469276	0.00016607411945123438	3.8570551343375155e-6
0.00010753644982722748	-0.00030130015067204716	0.055992310938234556	0.028809908238692453	0.6006020480187865	-0.24254388402345303	-0.0005655130611984535	-4.532175927745805e-6
-8.901914619490462e-5	0.00014432168627556352	0.015287791154647177	0.31998628742898927	-0.38418471708855506	-0.19711694403383248	-0.0027786993121405013	5.5946834904935585e-6
7.654512911941859e-5	-9.138435919844969e-5	0.003672520911024182	0.28406356682253187	-1.0338209269204348	0.14099510615082572	-0.011697556328402003	-7.461590991976997e-6
-6.756487254550727e-5	6.55629120520711e-5	0.0005123949262925493	0.1518711719298615	-0.8817273151455871	0.6726201997998251	-0.040394036889636775	1.1337230713563881e-5
6.078856945580375e-5	-5.027092703420497e-5	-0.0002135412540318283	0.05790966470061568	-0.28038748488083115	0.9248214765552943	-0.10405198641738152	-2.1947214837616628e-5
-5.5495253208943575e-5	4.007995291555674e-5	0.00013257033232234031	0.01646893920864125	0.17894538198460336	0.4929071891404032	-0.1900401387416128	7.117535443899632e-5
5.125095356749238e-5	-3.272698096328943e-5	-9.685606287119922e-5	0.003925085384554726	0.28889852537434724	-0.36402443125798917	-0.20496811725934036	-0.0010023777789116028
-4.777919940386595e-5	2.710754945870476e-5	7.692687588523189e-5	0.0007299737130677255	0.19908480500331555	-0.9039694861164294	0.0015067690968284988	-0.004083328551752898
4.4895877286613075e-5	-2.2619385817104727e-5	-6.420152171458428e-5	-0.00023585481532379407	0.09112340604712435	-0.7484478872366734	0.43947456220655406	-0.016574404519637303
-4.247405055714617e-5	1.8905700357299186e-5	5.5343064688871774e-5	0.00013432164213964223	0.030640249941248827	-0.22350674941315046	0.7851927408559032	-0.051303928097631166
4.042385299909845e-5	-1.5740913768327655e-5	-4.879652753701285e-5	-9.410855393654456e-5	0.007780177074376109	0.16396231809304926	0.6052603673448753	-0.11743916598374024
-3.868047081830025e-5	1.2974531601403724e-5	4.374209044421439e-5	7.286683368442319e-5	0.0019036451189278652	0.2494730258336626	-0.08172256322095868	-0.18240003246818687
3.719671331515083e-5	-1.0501345179084758e-5	-3.970703995083112e-5	-5.973280956876235e-5	2.127829873056596e-5	0.16871079398307773	-0.6968701873142972	-0.13776576719514078
-3.593832681300753e-5	8.244558667286363e-6	3.639963989192166e-5	5.077557991372784e-5	-3.920305069072555e-5	0.07623963645568577	-0.7443660717137562	0.12751301528081843
3.4881044103611e-5	-6.145683492548586e-6	-3.362995876640657e-5	-4.424625868045146e-5	3.4320906118079397e-5	0.02536365746735338	-0.3385604361666203	0.5216356473113553
-3.400881570114734e-5	4.158155989260557e-6	3.126887000298516e-5	3.9251970344280845e-5	-2.998337886369204e-5	0.006381299474836596	0.06570342169754054	0.6826245624274168
3.331293948758661e-5	-2.2430739535501543e-6	-2.922536303314217e-5	-3.5289866645195366e-5	2.6889853883230886e-5	0.0015683665030274676	0.21546709349849824	0.33060064505245157
-3.279199524877796e-5	3.661513144706066e-7	2.7433284644454898e-5	3.2055129697486966e-5	-2.467305498586604e-5	-1.8882395418961924e-5	0.17313059935508077	-0.3076639754217676
3.245266631157167e-5	1.5046542460942252e-6	-2.5843227671896733e-5	-2.9352071727130023e-5	2.3043239645638596e-5	-1.3311528700092795e-5	0.08736019898826337	-0.6789203910948505
-3.2311758368964384e-5	-3.4012083080154124e-6	2.441736755526906e-5	2.704912227080163e-5	-2.1817250325245346e-5	1.4541108014622617e-5	0.03184832239160358	-0.5351360022495963
3.24001104247267e-5	5.3572541056968585e-6	-2.312605523263469e-5	-2.5054364455773403e-5	2.087995851445387e-5	-1.327232304374562e-5	0.008666106617061315	-0.14219383380531497
-3.276985403014099e-5	-7.4107457089228325e-6	2.1945489676845775e-5	2.330144998762828e-5	-2.015700025302503e-5	1.1955746341943791e-5	0.0020903712856081514	0.13187404962707214
3.3508154067647846e-5	9.606823043601272e-6	-2.0856068233783852e-5	-2.1741089194428614e-5	1.9598837602610078e-5	-1.0862627026466646e-5	0.0002777679543956951	0.1836379418677604
-3.47646187550355e-5	-1.2001965901776174e-5	1.984116426069145e-5	2.033569180273547e-5	-1.917155770296173e-5	9.981166153802393e-6	-0.00011423680865119006	0.1204647582467336
3.681042880026699e-5	1.4670216229792255e-5	-1.8886165571442477e-5	-1.905586478815943e-5	1.8851441152763936e-5	-9.26655231667006e-6	6.901263453011123e-5	0.05331098773713653
-4.0180222910535474e-5	-1.7713059109986482e-5	1.7977651303449192e-5	1.7878042765812312e-5	-1.8621660083382813e-5	8.679610056584433e-6	-4.886325731717177e-5	0.017420912826379142
4.606549185631729e-5	2.1275998535881664e-5	-1.7102601357489585e-5	-1.6782826656199124e-5	1.847021407789677e-5	-8.190799919586485e-6	3.7530134744692544e-5	0.004323420824607655
-5.765094293471862e-5	-2.557801733721405e-5	1.624752402271435e-5	1.575377114465343e-5	-1.8388610072446128e-5	7.778483127706504e-6	-3.023622277422918e-5	0.001064804337205772
8.627267225695373e-5	3.096751389953296e-5	-1.539734650119773e-5	-1.4776454015030041e-5	1.8371005801365797e-5	-7.426778389898379e-6	2.5114343978260227e-5	-5.232809328226114e-5
-0.0001989785185365265	-3.803736634944038e-5	1.4533817141527147e-5	1.3837711909275096e-5	-1.841365360085999e-5	7.1238942529401155e-6	-2.129145132963183e-5	1.1532792717355978e-5
0.001758247938476947	4.7886860783459914e-5	-1.3632961433024442e-5	-1.2924953613231241e-5	1.851454794780871e-5	-6.8609492952676036e-6	1.830607341006482e-5	-4.42338973749502e-6
0.007154455213741189	-6.280314131727857e-5	1.2660680282734293e-5	1.2025470241779666e-5	-1.8673219601342294e-5	6.631156126165886e-6	-1.589153511522259e-5	2.356302444097069e-6
0.029407478060223657	8.839340773741919e-5	-1.1564527009147998e-5	-1.11256526254173e-5	1.8890643987094042e-5	-6.429256579258753e-6	1.388289938072077e-5	-1.5901851527713916e-6
0.0925973580757835	-0.0001423223769839285	1.0257058668694979e-5	1.0209995339742969e-5	-1.9169248293898695e-5	6.251126968055954e-6	-1.2172527268674998e-5	1.2745177767662367e-6
0.21623615927358286	0.00030817644004177327	-8.578827695124273e-6	-9.259700157100314e-6	1.9513014763448403e-5	-6.093498552824364e-6	1.068702761358549e-5	-1.1458685265182295e-6
0.34539977792052123	0.0029825677760198957	6.2059651972364995e-6	8.250557788494982e-6	-1.992768999208531e-5	5.953756796199959e-6	-9.37448453121179e-6	1.1049095013738427e-6
0.28022340466855017	0.012275082025365525	-2.381231407235428e-6	-7.149514890367291e-6	2.0421123956048042e-5	-5.829795189399111e-6	8.196985867943755e-6	-1.1088051857676153e-6
-0.20187611070886116	0.04600308921000226	-5.054410039176532e-6	5.90875631066833e-6	-2.1003780836868107e-5	5.71990726413462e-6	-7.126049005698245e-6	1.1372303527491592e-6
-0.958681817955867	0.12880038890515697	2.4459610351405814e-5	-4.454828258916327e-6	2.1689491396744695e-5	-5.622705646473208e-6	6.139708599793664e-6	-1.1798523708214845e-6
-1.316455622898154	0.26189782594733635	-0.00011132833304063171	2.6671361779857597e-6	-2.2496560610248063e-5	5.537060403936398e-6	-5.2205970848307755e-6	1.2311575912093437e-6
-0.6999411787153381	0.3398981413050692	0.0016904065359863935	-3.3152793345459975e-7	2.3449417849702086e-5	-5.4620509570548255e-6	4.354638594633085e-6	-1.2881140057951307e-6
0.5201317227185176	0.13339939084801553	0.006968840828970585	-2.971722381946901e-6	-2.4581126128766137e-5	5.396927230681973e-6	-3.5301325010423156e-6	1.3490382021010561e-6
1.287365587984495	-0.47831503777352957	0.028241178613811493	8.18124477728954e-6	2.593730276693139e-5	-5.34107631887012e-6	2.737089701868845e-6	-1.4130141975438638e-6
1.0644753663176598	-1.1374812051295884	0.0876343722850506	-1.7831405451844956e-5	-2.758245509453441e-5	5.293990873107753e-6	-1.96673481472292e-6	1.4795815440041477e-6
0.3169885907341761	-1.1298685311034704	0.20095818206026791	4.109077282078777e-5	2.9610644500830627e-5	-5.255234619004491e-6	1.2111170025625025e-6	-1.5485619185580514e-6
-0.23396848907390178	-0.21199099811172278	0.3130553701413905	-0.00013353840242233032	-3.216434061353361e-5	5.22439828395621e-6	-4.6278993371591717e-7	1.619960301396727e-6
-0.35507139580839153	0.8920286412908052	0.2382197712376568	0.0014856810226837912	3.546981345520018e-5	-5.201034860960462e-6	-2.854681440867672e-7	-1.6939080084567712e-6
-0.23995020481875548	1.2429983973905883	-0.21517346478345242	0.00615809591155788	-3.990868027903287e-5	5.184554390582875e-6	1.0409176412379464e-6	1.7706301329763303e-6
-0.10835306708625772	0.7400660468683226	-0.8926041362784185	0.025133265288845387	4.617674116342703e-5	-5.17404085796438e-6	-1.8111252799537576e-6	-1.850427916120016e-6
-0.03604753057656401	0.04132859261293402	-1.1737307801212584	0.0789302636094171	-5.568211011965256e-5	5.167916880096418e-6	2.604257890457862e-6	1.9336707116446467e-6
-0.009049878822306968	-0.3122705477857142	-0.5741349228439996	0.18344782984426503	7.171782236699994e-5	-5.163301122362745e-6	-3.4294280771149024e-6	-2.0207945441210595e-6
-0.0022401560683002	-0.3056650313859088	0.522409338974279	0.2912976681303257	-0.00010373413104704302	5.154716710350316e-6	4.297125298299247e-6	2.1123057208256484e-6
4.137143482986761e-5	-0.17217258227444135	1.1653771193210645	0.23274910858635273	0.00018536320035340834	-5.131346197620868e-6	-5.219779560707867e-6	-2.208788762901057e-6
5.585647825678137e-6	-0.06828139973898835	0.9230480533558074	-0.1775234039439225	0.002259826168669467	5.0707840223421484e-6	6.212528203297272e-6	2.3109185107970396e-6
-7.822013626093982e-6	-0.02018271531660889	0.24828215689099534	-0.8139010859173397	0.009309183449820473	-4.923528860568752e-6	-7.294295343647081e-6	-2.4194767694009297e-6
6.3201270143795595e-6	-0.00480031136816905	-0.224933585706263	-1.1057835965440699	0.03539996753238236	4.569884785406518e-6	8.489360756873548e-6	2.5353743134633416e-6
-4.676884429701805e-6	-0.001046169908756478	-0.31584492750256105	-0.5765089951918316	0.10092807114214863	-3.680485756683049e-6	-9.829714291783506e-6	-2.6596795381233215e-6
3.313922940372374e-6	0.0002635188143600416	-0.20778324152553243	0.450411958160541	0.20969885353153805	1.1567600582506138e-6	1.135871133158903e-5	2.7936556812399e-6
-2.229136001550047e-6	-0.00014118903591061973	-0.09215855880708601	1.085395826687153	0.28174880805674163	7.977795296200167e-6	-1.3136966369978025e-5	-2.9388094369500737e-6
1.3658670749150731e-6	9.76295455680672e-5	-0.03015285240245968	0.88810004335898	0.13059884605957536	-6.292417941721575e-5	1.5252275306354264e-5	3.0969548944596e-6
-6.722355510224294e-7	-7.583508473537251e-5	-0.0075075010277087986	0.2582458461065106	-0.3584617918802727	0.0015035647840958063	-1.783719365191507e-5	-3.270298477550121e-6
1.0849865698068214e-7	6.278174620853987e-5	-0.0018343837345891922	-0.20032908968402016	-0.917603653211528	0.006129517034776727	2.1102149831019715e-5	3.461553099624177e-6
3.546845533271948e-7	-5.406141817668352e-5	7.233758662053262e-5	-0.2980848375671785	-0.9581001892147838	0.02463854879692192	-2.5402731830220886e-5	-3.674093378870625e-6
-7.389472130706136e-7	4.779620329162006e-5	-4.838707627551553e-6	-0.2000824369624776	-0.234668343674878	0.07526655498882015	3.13901785164116e-5	3.912169247608795e-6
1.0604012897613233e-6	-4.305614499263494e-5	-6.317555598165182e-6	-0.08997064430739338	0.6945572035365671	0.16966838319941652	-4.039282910757707e-5	-4.181203210225088e-6
-1.331212608236074e-6	3.932927012785521e-5	9.30785373302268e-6	-0.02979332346804198	1.0338458134331763	0.25779198389020586	5.556062017356038e-5	4.488207374460591e-6
1.5607010791668498e-6	-3.631070440174607e-5	-1.0269344639219767e-5	-0.007479330001006991	0.6481844812312935	0.18339565596518567	-8.61951030040423e-5	-4.842369169382729e-6
-1.7561073299810656e-6	3.3807576492112304e-5	1.056161614615525e-5	-0.0018308789479202108	0.06333723755447784	-0.2030675669954625	0.00016875511344806445	5.255860869613991e-6
1.923131149642083e-6	-3.169186374477179e-5	-1.0593810011906477e-5	3.1382038652900886e-5	-0.2506006319242826	-0.7536926526217645	0.0020068675478815243	-5.744890212102307e-6
-2.066314241791628e-6	2.9875198757207823e-5	1.0515159180100721e-5	1.427509969380213e-5	-0.2580238719155757	-0.950956397311847	0.00823033851099005	6.330774849479215e-6
2.18931608133651e-6	-2.8294573899856684e-5	-1.0387559039914369e-5	-1.8171361783884253e-5	-0.14902662482705945	-0.42565381154604104	0.031212159980560875	-7.039754475168796e-6
-2.2951154632732403e-6	2.6903816865943536e-5	1.0239039578549854e-5	1.775542722363739e-5	-0.06023026152264864	0.4692161020865538	0.08854270627277694	7.89544330624704e-6
2.3861597663498027e-6	-2.5668291328475255e-5	-1.0083062483011662e-5	-1.677117753057067e-5	-0.018109909385200452	0.9579923490835742	0.18295774254506783	-8.873941183257693e-6
-2.464476904130776e-6	2.456148371172706e-5	9.926319456915652e-6	1.581001751298016e-5	-0.004332011634854115	0.7280524322936334	0.2436231374996733	9.648140150658316e-6
2.5317603219359058e-6	-2.3562736552886867e-5	-9.772169104095734e-6	-1.4967968771939653e-5	-0.0009755451378485132	0.1751851758678547	0.10849996643640354	-7.76364326589982e-6
-2.5894342726997847e-6	2.2655702663089303e-5	9.622257836566e-6	1.4244483413225382e-5	0.00020400039161817896	-0.19458682311144698	-0.31842892400106176	-2.339696422489297e-5
2.6387044539823657e-6	-2.182726593119833e-5	-9.477326409368023e-6	-1.3621226081219125e-5	-0.00010011211943647791	-0.2554407134899823	-0.7990939812893778	0.0013964041633812284
-2.680597689782782e-6	2.1066772136860517e-5	9.337628689686738e-6	1.307949477392411e-5	6.528229133727905e-5	-0.16392281433908146	-0.823637857763457	0.005672006154939814
2.715993322336975e-6	-2.0365470430381535e-5	-9.203156367963762e-6	-1.2603720963582625e-5	-4.843049336043013e-5	-0.07145355889240884	-0.18961875524606073	0.02258386251869114
-2.745648268380344e-6	1.971610100581718e-5	9.07376260293073e-6	1.2181619824848423e-5	3.85607912810752e-5	-0.02303170701758929	0.6107333183720832	0.0679993598941422
2.7702171265846533e-6	-1.9112586131166015e-5	-8.949231227535596e-6	-1.1803622215287091e-5	-3.207848794977481e-5	-0.005672303437889572	0.8931650534759435	0.15079709467712654
-2.7902684902457675e-6	1.8549795391297532e-5	8.829315806431026e-6	1.1462261648740298e-5	2.7486741595208637e-5	-0.0013862632821308514	0.5525362085759531	0.22366913932102747
2.806298286143123e-6	-1.802336510932569e-5	-8.713761638004933e-6	-1.1151668208491989e-5	-2.4056162539189547e-5	0.00010012994513339398	0.048098745647914935	0.14838765167780243
-2.818740668141e-6	1.752955788036532e-5	8.602317968882833e-6	1.0867181672357516e-5	2.139000474858126e-5	-2.9292036761776427e-5	-0.21859621364459506	-0.19764941249079046
2.82797704755846e-6	-1.7065152136084777e-5	-8.494744523481837e-6	-1.060506312950061e-5	-1.9254216016504166e-5	1.3644657840316808e-5	-0.22202607578214567	-0.6691148701205202
-2.834343624121821e-6	1.662735445243137e-5	8.390814665099309e-6	1.0362281267109325e-5	1.7501843746657273e-5	-7.824534439848735e-6	-0.12739831676917868	-0.8121318470920476
2.8381376339550047e-6	-1.6213729338753544e-5	-8.290316660721233e-6	-1.0136353533057246e-5	-1.6035954443260464e-5	4.985742151134473e-6	-0.05122679501021424	-0.33117921429509595
-2.839622607592272e-6	1.5822142554337226e-5	8.193053838416694e-6	9.925227254696131e-6	1.4789995867457482e-5	-3.358125830697951e-6	-0.015340604545517663	0.4380637704573297
2.839032837694189e-6	-1.5450714933563688e-5	-8.098844081608766e-6	-9.727189885505015e-6	-1.371673476985801e-5	2.3210383713119888e-6	-0.0036572676641206093	0.8294198739067096
-2.836577134505419e-6	1.5097784566426696e-5	8.007519027157217e-6	9.540800606650457e-6	1.2781700820893402e-5	-1.6098009320552886e-6	-0.0008235174148145886	0.6062256406744033
2.8324420217115247e-6	-1.4761875603066852e-5	-7.91892312829871e-6	-9.36483769750196e-6	-1.1959132314410972e-5	1.095098488223871e-6	0.00018518999161851724	0.12922364857290408
-2.8267944989141615e-6	1.4441672305058734e-5	7.832912645639023e-6	9.198257615174082e-6	1.1229376697203795e-5	-7.071294240179086e-7	-9.562130302617533e-5	-0.17587710867223746
2.8197843844696118e-6	-1.4135997409145028e-5	-7.749354642384268e-6	-9.040162945933808e-6	-1.0577171239056267e-5	4.0523823626313095e-7	6.505821788508908e-5	-0.21791920722972147
-2.811546338129963e-6	1.3843793946822595e-5	7.668126068992117e-6	8.889777048803678e-6	9.990474569630681e-6	-1.6428349520782653e-7	-5.010777953284371e-5	-0.13669862379251974
2.802201624013655e-6	-1.3564109863394672e-5	-7.589112887691357e-6	-8.746423796884864e-6	-9.459653520477003e-6	-3.205272362820707e-8	4.127734251129017e-5	-0.058637222313113586
-2.791859620496018e-6	1.3296085009008062e-5	7.512209238068039e-6	8.609511322480787e-6	8.976905205938554e-6	1.947919686472201e-7	-3.543421300132726e-5	-0.018634749633443314
2.7806191453364927e-6	-1.303894002457937e-5	-7.437316730664065e-6	-8.47851884017519e-6	-8.535838462871387e-6	-3.3163107593951083e-7	3.126576534968953e-5	-0.004548860968056008
-2.7685696123070447e-6	1.279196681575393e-5	7.364343779848603e-6	8.35298588692855e-6	8.131165579987473e-6	4.480996047045631e-7	-2.8129526660811138e-5	-0.0011064893233528209
2.7557920319904474e-6	-1.2554520386393552e-5	-7.293204978681535e-6	-8.23250347929879e-6	-7.758471803748846e-6	-5.482680389870818e-7	2.5674855801305566e-5	0.00011315230539363917
-2.742359904205744e-6	1.2326011776581399e-5	7.223820577028003e-6	8.116706815838516e-6	7.414040568711122e-6	6.351968071515798e-7	-2.3694351437249575e-5	-4.256237212209709e-5
2.728339994885017e-6	-1.2105901932206665e-5	-7.156115998098774e-6	-8.005269212804447e-6	-7.094719301270025e-6	-7.112299256417039e-7	2.2057510931530644e-5	2.458761061521817e-5
-2.7137930214119064e-6	1.1893696388117325e-5	7.090021377245336e-6	7.897896997134714e-6	6.7978152289844566e-6	7.781922726907524e-7	-2.0678092370618513e-5	-1.716160758898348e-5
2.698774259978554e-6	-1.1688940630985687e-5	-7.025471177637294e-6	-7.794325246117682e-6	-6.521013605298067e-6	-8.375253215911487e-7	1.9496787871261207e-5	1.3229575539019212e-5
-2.6833340820632704e-6	1.1491216020162821e-5	6.962403851010988e-6	7.694314181143353e-6	6.262312867219964e-6	8.903825688112909e-7	-1.8471443729594474e-5	-1.0819443085278573e-5
2.6675184418687604e-6	-1.1300136220903429e-5	-6.900761484517967e-6	-7.597646079264653e-6	-6.019972806022001e-6	-9.376978876391596e-7	1.757125455414468e-5	9.195079785236241e-6
-2.6513692800517733e-6	1.1115344061781438e-5	6.840489530327207e-6	7.504122662965993e-6	5.7924727907058e-6	9.80235326501728e-7	-1.6773167706663566e-5	-8.025733612321854e-6
2.634924921876147e-6	-1.0936508755172254e-5	-6.781536553569438e-6	-7.413562854949421e-6	-5.578477775085021e-6	-1.0186259884162258e-6	1.6059575056792925e-5	7.142445767360562e-6
-2.618220418149537e-6	1.076332342676833e-5	6.7238539666137704e-6	7.325800842699168e-6	5.376810494659142e-6	1.053395722008121e-6	-1.5416784546647147e-5	-6.4504194105534615e-6
2.601287814470374e-6	-1.0595502935388524e-5	-6.6673958402891856e-6	-7.240684399096335e-6	-5.186428578809763e-6	-1.0849861525874482e-6	1.4833980466187272e-5	5.8925295970023645e-6
-2.584156468299332e-6	1.0432781940142216e-5	6.612118701046804e-6	7.15807344599584e-6	5.0064055223374126e-6	1.1137708731193903e-6	-1.4302499226111172e-5	-5.432364563506782e-6
2.5668532680257543e-6	-1.0274913129016443e-5	-6.557981348053865e-6	-7.077838783355339e-6	-4.835914839542476e-6	-1.1400680645387084e-6	1.3815314222289497e-5	5.04564044361539e-6
-2.549402834497768e-6	1.0121665693832096e-5	6.504944699174786e-6	6.999860977875068e-6	4.674216783320068e-6	1.1641503849115062e-6	-1.3366662481786633e-5	-4.715546967950487e-6
2.531827766643537e-6	-9.972823943277018e-6	-6.45297164271549e-6	-6.924029417204934e-6	-4.520647111202872e-6	-1.1862528010866176e-6	1.295176949033918e-5	4.430078748601484e-6
-2.5141487720155105e-6	9.828186004857378e-6	6.402026906128695e-6	6.8502414352465075e-6	4.374607590763811e-6	1.2065788919698148e-6	-1.2566643312842204e-5	-4.1804318063697115e-6
2.4963848475350505e-6	-9.687562753291213e-6	-6.352076916997492e-6	-6.778401572678771e-6	-4.235557908940816e-6	-1.2253059131604857e-6	1.220791839097512e-5	3.960001240984545e-6
-2.478553440407282e-6	9.550776769910436e-6	6.30308972082353e-6	6.708420918217299e-6	4.103008755720429e-6	1.2425888837839682e-6	-1.1872735542438749e-5	-3.763733045669099e-6
2.4606705350424787e-6	-9.417661400359404e-6	-6.255034853221673e-6	-6.640216504465698e-6	-3.976515872518581e-6	-1.2585639736367189e-6	1.1558648728988761e-5	3.5876923901133056e-6
-2.442750829431484e-6	9.288059973465694e-6	6.2078832385400266e-6	6.573710793611447e-6	3.855674932635294e-6	1.2733512808239198e-6	-1.126355184617132e-5	-3.428768566661369e-6
2.424807803110215e-6	-9.161825002810185e-6	-6.161607148480225e-6	-6.508831209002101e-6	-3.7401171208414466e-6	-1.2870571013089534e-6	1.0985620647002973e-5	3.2844687305865503e-6
-2.4068538124645e-6	9.038817515737698e-6	6.1161800606862425e-6	6.445509716839591e-6	3.629505255606127e-6	1.2997758589662487e-6	-1.072326628886346e-5	-3.1527707164898982e-6
2.388900231265123e-6	-8.918906444874047e-6	-6.071576620496544e-6	-6.383682437418284e-6	-3.5235304575315967e-6	-1.3115917187563078e-6	1.0475097873529709e-5	3.0320160972039115e-6
-2.3709574629020633e-6	8.801968023717365e-6	6.027772586977522e-6	6.323289336756763e-6	3.421909206100994e-6	1.3225799131671943e-6	-1.0239891951585204e-5	-2.920831250279176e-6
2.3530350637605953e-6	-8.6878853058521e-6	-5.984744714825353e-6	-6.2642738996454795e-6	-3.3243807575716493e-6	-1.3328078939892935e-6	1.0016567570308655e-5	2.8180681663730233e-6
-2.3351418041330967e-6	8.576547668637963e-6	5.942470755589234e-6	6.206582847186274e-6	3.2307048997320494e-6	1.3423363200909157e-6	-9.80416571055222e-6	-2.722759480101375e-6
2.3172857044759182e-6	-8.467850367888161e-6	-5.900929369788265e-6	-6.150165938559228e-6	-3.1406599358257537e-6	-1.3512198616408918e-6	9.60183219289437e-6	2.634083919956914e-6
-2.2994741303599667e-6	8.361694175792705e-6	5.860100071737151e-6	6.094975681300429e-6	3.0540409327900464e-6	1.3595079192871928e-6	-9.408803436422778e-6	-2.551339425568669e-6
2.2817138102567814e-6	-8.257984975183832e-6	-5.819963218200418e-6	-6.040967167096596e-6	-2.970658143445808e-6	-1.3672452503740557e-6	9.224394501067784e-6	2.473922003357524e-6
-2.2640109091454994e-6	8.156633440979538e-6	5.780499916586135e-6	5.988097899632732e-6	2.890335625510727e-6	1.374472478443377e-6	-9.047988981716611e-6	-2.401308970668733e-6
2.24637105793537e-6	-8.057554741227156e-6	-5.741692018711005e-6	-5.936327570859123e-6	-2.8129099917782316e-6	-1.3812265586750901e-6	8.87903046028715e-6	2.3330455605322438e-6
-2.2287993936651724e-6	7.960668221631035e-6	5.703522082092086e-6	5.885617969043157e-6	2.738229293501343e-6	1.387541179894867e-6	-8.717015213193242e-6	-2.2687340723480885e-6
2.211300610144321e-6	-7.865897170352011e-6	-5.665973301817669e-6	-5.835932799225573e-6	-2.6661520682399934e-6	-1.3934471094247537e-6	8.561485965147502e-6	2.2080250680752205e-6
-2.1938789743696727e-6	7.773168563831206e-6	5.629029517604136e-6	5.787237560740505e-6	2.596546384849495e-6	1.39897249747176e-6	-8.412026533278247e-6	-2.150610182715556e-6
2.1765383684464796e-6	-7.6824128299459e-6	-5.592675165150962e-6	-5.739499450076515e-6	-2.5292890946852307e-6	-1.404143143099059e-6	8.268257203518098e-6	2.0962161582746952e-6
-2.159282317595759e-6	7.593563660075549e-6	5.556895231495546e-6	5.692687214598132e-6	2.464265119884867e-6	1.4089827336495668e-6	-8.129830717022e-6	-2.044599914166455e-6
2.1421140155036656e-6	-7.506557806058934e-6	-5.521675257076482e-6	-5.646771090762556e-6	-2.4013667246068957e-6	-1.4135130467775663e-6	7.996428792226509e-6	1.9955444392532007e-6
-2.1250363444801577e-6	7.421334887963672e-6	5.487001296399943e-6	5.60172269225054e-6	2.340493030772773e-6	1.417754144143584e-6	-7.867759092033734e-6	-1.9488553295725686e-6
2.1080519084940386e-6	-7.337837252484363e-6	-5.452859880039609e-6	-5.557514920050047e-6	-2.281549424271402e-6	-1.4217245217522718e-6	7.743552559232138e-6	1.9043578725003182e-6
-2.0911630428709353e-6	7.256009801006816e-6	5.419238015133842e-6	5.514121903514988e-6	2.224447057248644e-6	1.4254412548718365e-6	-7.623561089531582e-6	-1.8618945787227744e-6
2.0743718412784073e-6	-7.175799841034871e-6	-5.386123159762664e-6	-5.471518910475723e-6	-2.169102483750443e-6	-1.4289201557326978e-6	7.5075554752467046e-6	1.8213230829949362e-6
-2.05768017198523e-6	7.097156971783387e-6	5.353503179601904e-6	5.429682290107814e-6	2.1154371741782654e-6	1.4321758433382475e-6	-7.395323597434777e-6	-1.7825143296496434e-6
2.041089688357283e-6	-7.020032936275622e-6	-5.321366360229602e-6	-5.388589403528506e-6	-2.063377206383331e-6	-1.4352218719072314e-6	7.286668815580141e-6	1.745351039022309e-6
-2.024601857777745e-6	6.94438152037405e-6	5.28970137552922e-6	5.348218572328846e-6	2.0128529317985177e-6	1.4380708466626431e-6	-7.18140854165152e-6	-1.709726374470006e-6
2.008217959949404e-6	-6.870158434882884e-6	-5.258497259247727e-6	-5.308549027426874e-6	-1.9637986290350584e-6	-1.4407344466586338e-6	7.079372987729315e-6	1.6755427715193694e-6
-1.991939109350051e-6	6.797321214455517e-6	5.2277434135761075e-6	5.2695608409698355e-6	1.916152282252603e-6	1.4432235587627308e-6	-6.9804040123559875e-6	-1.6427109557800475e-6
1.9757662686843444e-6	-6.725829129056766e-6	-5.197429571145582e-6	-5.231234907352413e-6	-1.869855290331079e-6	-1.4455483191273989e-6	6.88435412389451e-6	1.6111490572339739e-6
-1.959700254868326e-6	6.655643080229033e-6	5.167545796061465e-6	5.1935528810076404e-6	1.8248522381063942e-6	1.4477181592326787e-6	-6.791085584979784e-6	-1.5807818425492087e-6
1.9437417491833202e-6	-6.586725532348101e-6	-5.138082462647702e-6	-5.1564971326914794e-6	-1.7810906971106837e-6	-1.4497419085356423e-6	6.700469567606616e-6	1.5515400531817085e-6
-1.9278913130114052e-6	6.519040424664276e-6	5.109030241703115e-6	5.12005073488381e-6	1.7385210091591116e-6	1.4516277830140793e-6	-6.612385452423423e-6	-1.5233598122489466e-6
1.912149395998998e-6	-6.452553097751541e-6	-5.080380098631653e-6	-5.084197398759116e-6	-1.6970961183869165e-6	-1.4533834781079183e-6	6.526720163119632e-6	1.4961820980297953e-6
-1.8965163333064106e-6	6.387230227942536e-6	5.0521232656567354e-6	5.048921458303346e-6	1.656771394821661e-6	1.4550162040874462e-6	-6.4433675461330416e-6	-1.4699522863555627e-6
1.8809923691040868e-6	-6.323039761766582e-6	-5.024251246467003e-6	-5.014207837862024e-6	-1.6175044845286889e-6	-1.4565326834755455e-6	6.3622278676043235e-6	1.4446197541137967e-6
-1.8655776569846845e-6	6.259950848960268e-6	4.996755794957246e-6	4.980042014083135e-6	1.5792551648958225e-6	1.457939242918483e-6	-6.283207299988187e-6	-1.4201374880981061e-6
1.850272261081344e-6	-6.197933788480698e-6	-4.969628910485662e-6	-4.9464099994176645e-6	-1.541985210036448e-6	-1.4592418102382085e-6	6.2062174808743335e-6	1.3964617861086258e-6
-1.8350761724719553e-6	6.1369599819844796e-6	4.9428628294134515e-6	4.913298310406219e-6	1.5056582742231886e-6	1.4604459356373524e-6	-6.131175123957645e-6	-1.3735519669779267e-6
