-2.5235727063298797e-6	2.3336834772259815e-6	2.4172133495821017e-6	2.7221388598701114e-6	-3.981749356940273e-7	6.783876452551751e-8	-1.8960134555945093e-6	3.76257418341076e-7
2.5427206891407064e-6	-2.349001661133049e-6	-2.4369618285597547e-6	-2.741661733328052e-6	4.049427318561889e-7	-7.211647384506574e-8	1.909959949581002e-6	-3.754116530758456e-7
-2.5621674470916443e-6	2.3645524024130473e-6	2.4570024036501087e-6	2.761463944827199e-6	-4.1180468753355455e-7	7.645174041922168e-8	-1.92408584089268e-6	3.7455508538861993e-7
2.581920172722792e-6	-2.380341146529466e-6	-2.4773417431091786e-6	-2.781551665490704e-6	4.187628215005648e-7	-8.084575921418274e-8	1.9383946987638636e-6	-3.736875006946738e-7
-2.6019862931883564e-6	2.396373515928653e-6	2.4979867230933865e-6	2.8019312461480324e-6	-4.2581921612838854e-7	8.529976387901836e-8	-1.9528901931534517e-6	3.728086808455748e-7
2.6223734775082222e-6	-2.4126553095731217e-6	-2.518944428353993e-6	-2.8226092384838025e-6	4.329760181857785e-7	-8.981501666261239e-8	1.9675760847915155e-6	-3.719184010209596e-7
-2.643089651608166e-6	2.4291925140603703e-6	2.5402221703470595e-6	2.8435923838640826e-6	-4.4023542887646556e-7	9.439281852133977e-8	-1.982456239869364e-6	3.710164295898203e-7
2.664143003370057e-6	-2.4459913109235577e-6	-2.561827489701368e-6	-2.864887633505455e-6	4.4759972164881967e-7	-9.903451175027591e-8	1.9975346352850917e-6	-3.7010253055296543e-7
-2.6855419982785113e-6	2.4630580829548695e-6	2.583768166956411e-6	2.88650215307245e-6	-4.5507123696408575e-7	1.037414688767067e-7	-2.0128153499616095e-6	3.691764591719165e-7
2.7072953894652134e-6	-2.4803994249488743e-6	-2.6060522332078286e-6	-2.908443327930315e-6	4.626523818582389e-7	-1.085151080794884e-7	2.0283025811047247e-6	-3.682379660792619e-7
-2.7294122290622458e-6	2.498022149733416e-6	2.6286879800982947e-6	2.93071877729502e-6	-4.7034564185134566e-7	1.1335689169955461e-7	-2.0440006415088423e-6	3.672867931102941e-7
2.75190188401491e-6	-2.5159333011165093e-6	-2.6516839690062275e-6	-2.953336357892404e-6	4.781535739955127e-7	-1.1826831620996587e-7	2.0599139657538925e-6	-3.663226767677441e-7
-2.7747740468499313e-6	2.534140159413606e-6	2.675049043817196e-6	2.9763041790757563e-6	-4.860788171511458e-7	1.2325093105379198e-7	-2.0760471161652217e-6	3.653453445120173e-7
2.7980387521397576e-6	-2.5526502549173895e-6	-2.6987923433991013e-6	-2.9996306067227587e-6	4.941240909594008e-7	-1.283063301708533e-7	2.0924047806097863e-6	-3.643545162864462e-7
-2.8217063918195357e-6	2.571471378348936e-6	2.7229233101118023e-6	3.0233242804599502e-6	-5.022921998566669e-7	1.3343615044016072e-7	-2.108991787369749e-6	3.6334990692879647e-7
2.8457877292990782e-6	-2.5906115892048484e-6	-2.747451708646485e-6	-3.047394119158267e-6	5.105860387696634e-7	-1.386420875814452e-7	2.125813103667532e-6	-3.6233121692285077e-7
-2.8702939187085825e-6	2.610079232567334e-6	2.7723876347700382e-6	3.071849334570327e-6	-5.190085919838848e-7	1.4392588112625056e-7	-2.142873836862938e-6	3.6129814456965224e-7
2.895236522655963e-6	-2.629882947827227e-6	-2.797741531371248e-6	-3.096699446896323e-6	5.275629429182246e-7	-1.492893289188406e-7	2.1601792530228276e-6	-3.602503775173291e-7
-2.920627528879902e-6	2.6500316831497807e-6	2.823524205667741e-6	3.121954289358848e-6	-5.36252271605459e-7	1.5473428494867495e-7	-2.1777347686055873e-6	3.5918758906945937e-7
2.9464793725657784e-6	-2.670534710589383e-6	-2.849746841148343e-6	-3.147624031908179e-6	5.450798644029965e-7	-1.6026265782538518e-7	2.195545961431902e-6	-3.581094512574453e-7
-2.972804958250809e-6	2.6914016396719532e-6	2.8764210181037818e-6	3.1737191876584953e-6	-5.54049115103286e-7	1.6587642226505569e-7	-2.2136185848915428e-6	3.570156222908286e-7
2.999617678396465e-6	-2.712642433207801e-6	-2.9035587294661194e-6	-3.2002506298344016e-6	5.631635288287496e-7	-1.7157761011565792e-7	2.2319585563697294e-6	-3.559057457418523e-7
-3.0269314404998374e-6	2.73426742328229e-6	2.9311723999060944e-6	3.227229611037399e-6	-5.724267311799313e-7	1.7736832363717475e-7	-2.250571982912254e-6	3.5477946351123993e-7
3.054760692835751e-6	-2.7562873322828124e-6	-2.9592749053171314e-6	-3.254667773819e-6	5.818424669566039e-7	-1.832507308373312e-7	2.269465158179701e-6	-3.536364001181897e-7
-3.0831204468196717e-6	2.7787132848998307e-6	2.9878795949440357e-6	3.282577173250023e-6	-5.914146106616593e-7	1.8922707033534343e-7	-2.2886445660687597e-6	3.5247616807528573e-7
3.112026308971072e-6	-2.8015568323617196e-6	-3.0170003119652487e-6	-3.310970292101718e-6	6.011471700035028e-7	-1.952996574710977e-7	2.3081169026531633e-6	-3.5129837400008127e-7
-3.1414945100227764e-6	2.8248299757616474e-6	3.0466514155602386e-6	3.3398600624845005e-6	-6.110442905057531e-7	2.0147088116286893e-7	-2.3278890690031444e-6	3.501026043783752e-7
3.1715419364881943e-6	-2.848545178529787e-6	-3.0768478113766538e-6	-3.369259883903131e-6	6.211102641011909e-7	-2.077432140941343e-7	2.3479681874625614e-6	-3.4888843893696037e-7
-3.202186162796519e-6	2.8727153984019855e-6	3.107604969598737e-6	3.3991836469278367e-6	-6.313495338831668e-7	2.1411920973244954e-7	-2.3683616114728212e-6	3.4765544094638304e-7
3.2334454893499195e-6	-2.8973541109703133e-6	-3.1389389561888316e-6	-3.429645756224141e-6	6.417667013425111e-7	-2.206015111798476e-7	2.3890769309105114e-6	-3.464031593305354e-7
-3.2653389822267355e-6	2.922475330627051e-6	3.170866467008642e-6	3.4606611499964963e-6	-6.523665333212269e-7	2.2719285222426506e-7	-2.4101219824085065e-6	3.4513113177179206e-7
3.297886506556516e-6	-2.9480936431047006e-6	-3.2034048490683693e-6	-3.4922453343586284e-6	6.631539710887339e-7	-2.3389606020094417e-7	2.4315048639365913e-6	-3.438388758500928e-7
-3.3311087786717116e-6	2.9742242344519017e-6	3.236572139084834e-6	3.5244144011947584e-6	-6.741341350845511e-7	2.4071406502412055e-7	-2.4532339408788182e-6	3.425258983426715e-7
3.3650274079669016e-6	-3.0008829214627406e-6	-3.2703871005758383e-6	-3.5571850597549216e-6	6.853123369762382e-7	-2.476498974208391e-7	2.475317856322609e-6	-3.411916863953025e-7
-3.3996649427710256e-6	3.0280861837611724e-6	3.3048692555283286e-6	3.5905746726967803e-6	-6.966940877300237e-7	2.5470669793846e-7	-2.4977655522290623e-6	3.3983571087933376e-7
3.435044930365396e-6	-3.0558512024324235e-6	-3.3400389250530178e-6	-3.6246012781736407e-6	7.082851023238677e-7	-2.6188772130492357e-7	2.5205862689145315e-6	-3.3845742588220414e-7
-3.471191966598264e-6	3.084195896922608e-6	3.375917274514212e-6	3.6592836290567703e-6	-7.200913191584208e-7	2.69196339470666e-7	-2.5437895662650923e-6	3.370562653249776e-7
3.5081317582326183e-6	-3.1131389627192754e-6	-3.4125263552136915e-6	-3.6946412311855213e-6	7.321189025579018e-7	-2.766360490283978e-7	2.5673853410751423e-6	-3.3563164489692994e-7
-3.5458911873117586e-6	3.1426999184705915e-6	3.4498891497614336e-6	3.7306943781506675e-6	-7.443742535039838e-7	2.8421047746401954e-7	-2.5913838289694035e-6	3.3418295942485667e-7
3.5844983790917712e-6	-3.172899150424091e-6	-3.488029627713978e-6	-3.767464189334351e-6	7.568640310743966e-7	-2.9192338780330713e-7	2.6157956315623722e-6	-3.327095836317236e-7
-3.6239827755543803e-6	3.2037579602255828e-6	3.5269727952862514e-6	3.804972660321778e-6	-7.69595154927501e-7	2.9977868385816147e-7	-2.6406317316880933e-6	3.312108682569113e-7
3.6643752139334153e-6	-3.235298619338887e-6	-3.5667447528605726e-6	-3.843242705334423e-6	7.825748202441649e-7	-3.077804227691926e-7	2.665903500856746e-6	-3.2968614346700825e-7
-3.7057080129981015e-6	3.2675444261181963e-6	3.607372758781225e-6	3.8822982001855e-6	-7.958105178156732e-7	3.159328161069781e-7	-2.691622727726333e-6	3.2813471383232444e-7
3.748015061047482e-6	-3.3005197628597527e-6	-3.6488852921544737e-6	-3.922164046172989e-6	8.09310044840054e-7	-3.2424023763328006e-7	2.7178016364482613e-6	-3.2655585814054224e-7
-3.7913319161709585e-6	3.3342501632737015e-6	3.69131212398236e-6	3.962866216548122e-6	-8.23081518282425e-7	3.3270723922952556e-7	-2.744452897427931e-6	3.2494883171568863e-7
3.8356959107921945e-6	-3.3687623830697013e-6	-3.7346843911735077e-6	-4.004431815692809e-6	8.371333970224646e-7	-3.413385509057974e-7	2.771589658757238e-6	-3.2331285879799556e-7
-3.881146264167482e-6	3.4040844691857412e-6	3.7790346788767523e-6	4.04688915035008e-6	-8.514744997390683e-7	3.501390910157269e-7	-2.799225567988368e-6	3.216471372378043e-7
3.927724204407977e-6	-3.4402458461379285e-6	-3.824397102746905e-6	-4.090267787117184e-6	8.661140186457146e-7	-3.591139828770529e-7	2.827374786348369e-6	-3.1995083444967387e-7
-3.975473103367759e-6	3.4772773991726092e-6	3.87080740344345e-6	4.1345986300561605e-6	-8.810615461307195e-7	3.6826855880698286e-7	-2.856052025518414e-6	3.182230848939707e-7
4.024438615905659e-6	-3.515211566039068e-6	-3.918303047632494e-6	-4.179913998897542e-6	8.963270949566132e-7	-3.7760837000373427e-7	2.8852725707323654e-6	-3.164629915924875e-7
-4.074668832282898e-6	3.5540824399370305e-6	3.966923327665262e-6	4.22624770696965e-6	-9.119211193830853e-7	3.8713920526215e-7	-2.9150523033213073e-6	3.146696212734567e-7
4.126214455282866e-6	-3.5939258762502456e-6	-4.016709483696679e-6	-4.273635153300013e-6	9.278545435328199e-7	-3.968670979286766e-7	2.9454077394480855e-6	-3.128420061973381e-7
-4.1791289674835034e-6	3.6347796089859473e-6	4.067704822337958e-6	4.3221134170605785e-6	-9.441387859350792e-7	4.0679833887570594e-7	-2.9763560566953753e-6	3.1097913792927915e-7
4.2334688352978735e-6	-3.6766833754301172e-6	-4.119954849020605e-6	-4.371721358844126e-6	9.60785789864565e-7	-4.1693949567487683e-7	3.0079151296944634e-6	-3.090799690433829e-7
-4.2892937297843095e-6	3.719679059523378e-6	4.173507414389995e-6	4.4224997289873654e-6	-9.778080516310633e-7	4.2729742219917677e-7	-3.0401035658198127e-6	3.071434118562616e-7
4.3466667393108365e-6	-3.763810829924184e-6	-4.2284128657984315e-6	-4.474491288827552e-6	9.95218656571059e-7	-4.3787927841859466e-7	3.0729407419002526e-6	-3.051683302119397e-7
-4.405654643625558e-6	3.809125306539189e-6	4.284724217268718e-6	4.527740933831963e-6	-1.013031312756993e-6	4.486925463205158e-7	-3.1064468496537252e-6	3.031535439034743e-7
4.4663281826827245e-6	-3.8556717410012325e-6	-4.3424973253671785e-6	-4.582295831487752e-6	1.0312603863722632e-6	-4.597450481243981e-7	3.1406429332921093e-6	-3.010978242227639e-7
-4.528762347761402e-6	3.903502189368585e-6	4.40179109415689e-6	4.6382055699649375e-6	-1.049920949307543e-6	4.710449683702211e-7	-3.1755509379560473e-6	2.9899988917129805e-7
4.593036734842642e-6	-3.952671737133983e-6	-4.462667678728502e-6	-4.695522314246575e-6	1.069028815058765e-6	-4.826008704420405e-7	3.2111937615764017e-6	-2.968584017888448e-7
-4.659235883952632e-6	4.003238718282844e-6	4.525192717125083e-6	4.754300981624462e-6	-1.0886005902619658e-6	4.944217256315104e-7	-3.2475953035031232e-6	2.9467196968734413e-7
4.727449688539583e-6	-4.05526495182695e-6	-4.58943559426189e-6	-4.81459942261572e-6	1.1086537268460402e-6	-5.065169326510577e-7	3.2847805211087085e-6	-2.924391397972809e-7
-4.797773835867062e-6	4.108816030217725e-6	4.655469692925134e-6	4.87647862936931e-6	-1.1292065721721256e-6	5.18896343899418e-7	-3.3227754930376177e-6	2.9015839127825703e-7
4.870310267450205e-6	-4.163961596603494e-6	-4.723372710013794e-6	-4.9400029471356175e-6	1.1502784316799938e-6	-5.315702995233214e-7	3.361607479993317e-6	-2.878281413606821e-7
-4.9451677379564195e-6	4.220775677425618e-6	4.79322698027631e-6	5.005240312721003e-6	-1.171889632895826e-6	5.445496490560474e-7	-3.4013049920504686e-6	2.854467331766004e-7
5.022462377593877e-6	-4.279337039405728e-6	-4.865119815345821e-6	-5.072262521246115e-6	1.1940615944457786e-6	-5.578457907220043e-7	3.44189786859753e-6	-2.8301243169905054e-7
-5.102318342220928e-6	4.339729566670449e-6	4.939143917586366e-6	5.1411454886013464e-6	-1.216816896125688e-6	5.714707053081262e-7	-3.483417348986651e-6	2.805234283242318e-7
5.184868549728434e-6	-4.40204271380149e-6	-5.015397786230765e-6	-5.2119695744546096e-6	1.2401793716216415e-6	-5.854369912816529e-7	3.5258961605628784e-6	-2.779778252488486e-7
-5.2702554510590005e-6	4.466371960439672e-6	5.093986194064885e-6	5.284819910062749e-6	-1.2641741865017722e-6	5.99757909520825e-7	-3.5693686137595544e-6	2.753736349129871e-7
5.3586319342960785e-6	-4.532819342585441e-6	-5.1750207102817845e-6	-5.359786752431146e-6	1.2888279328407596e-6	-6.144474256212811e-7	3.6138706889450438e-6	-2.727087785319554e-7
-5.450162312657968e-6	4.601494048073883e-6	5.258620244879425e-6	5.436965903599606e-6	-1.31416875153225e-6	6.295202602564503e-7	-3.6594401511263995e-6	2.6998107418386885e-7
5.545023421411156e-6	-4.6725130399947505e-6	-5.3449117029984695e-6	-5.516459125772648e-6	1.340226421431478e-6	-6.449919354271861e-7	3.7061166600657732e-6	-2.671882313899672e-7
-5.643405865382875e-6	4.746001791659798e-6	5.434030659565398e-6	5.598374634948174e-6	-1.3670324989546916e-6	6.608788408407776e-7	-3.75394188669038e-6	2.6432784966051546e-7
5.745515403864221e-6	-4.822095085065221e-6	-5.526122119122156e-6	-5.682827628310898e-6	1.3946204599182286e-6	-6.771982878021561e-7	3.8029596517281295e-6	-2.6139740661772674e-7
-5.851574517122981e-6	4.900937897082039e-6	5.621341390088627e-6	5.769940845190423e-6	-1.4230258257562314e-6	6.939685725741506e-7	-3.8532160637933e-6	2.5839424801441505e-7
5.961824169974539e-6	-4.982686407469002e-6	-5.719855003818204e-6	-5.859845237821152e-6	1.4522863519702688e-6	-7.112090667110622e-7	3.904759672082717e-6	-2.553155878682367e-7
-6.076525809377263e-6	5.067509119425961e-6	5.821841775606021e-6	5.952680653294801e-6	-1.48244219190031e-6	7.289402733653875e-7	-3.957641631463219e-6	2.5215849115887435e-7
6.1959636306944375e-6	-5.155588119744554e-6	-5.927493986465299e-6	-6.048596616109844e-6	1.513536094980094e-6	-7.471839278728042e-7	4.011915888043188e-6	-2.4891986620071057e-7
-6.3204471482305065e-6	5.2471204996063876e-6	6.0370186812488586e-6	6.147753218849657e-6	-1.5456136360977376e-6	7.659630974519966e-7	-4.067639365695957e-6	2.455964581479997e-7
6.450314142538381e-6	-5.342319968686926e-6	-6.150639148170409e-6	-6.250322055183286e-6	1.5787234321946248e-6	-7.853022644696534e-7	4.124872179834849e-6	-2.421848320296762e-7
-6.5859340218330725e-6	5.4414186684406025e-6	6.268596573523675e-6	6.356487306595381e-6	-1.6129174311689255e-6	8.052274653651798e-7	-4.183677877849565e-6	2.386813630713758e-7
6.727711680392595e-6	-5.544669243583992e-6	-6.391151899407756e-6	-6.466446943932227e-6	1.6482511915809825e-6	-8.257663970589779e-7	4.244123669792473e-6	-2.3508222248339064e-7
-6.8760919637198915e-6	5.65234720752295e-6	6.518587926137243e-6	6.58041404736127e-6	-1.6847842009674578e-6	8.469485599087029e-7	-4.306280718841693e-6	2.3138336587943993e-7
7.031564810007065e-6	-5.76475362876578e-6	-6.6512117004450434e-6	-6.698618313592074e-6	1.722580257998625e-6	-8.688054218816519e-7	4.370224436249505e-6	-2.275805100150558e-7
-7.194671228263709e-6	5.882218230207931e-6	6.7893572129348906e-6	6.821307737432796e-6	-1.7617078527153258e-6	8.913705573606992e-7	-4.436034793581418e-6	2.236691219824683e-7
7.366010281008554e-6	-6.005102950483908e-6	-6.933388475797549e-6	-6.9487504978459265e-6	1.802240624572946e-6	-9.146798632994054e-7	4.503796702461704e-6	-2.1964440307398082e-7
-7.546247234719885e-6	6.133806050625027e-6	7.083703050082266e-6	7.081237092847402e-6	-1.8442578669211417e-6	9.387717510910057e-7	-4.573600383473375e-6	2.1550125233337963e-7
7.73612316046846e-6	-6.268766883341227e-6	-7.240736066426565e-6	-7.219082762293793e-6	1.8878450810550875e-6	-9.636873597404533e-7	4.6455418079663125e-6	-2.1123426481578095e-7
-7.93646628296156e-6	6.4104714456221545e-6	7.404964862633347e-6	7.362630220063606e-6	-1.9330946125462716e-6	9.894708397116322e-7	-4.719723174352459e-6	2.068376949896081e-7
8.148205440981424e-6	-6.5594588604858554e-6	-7.576914337935997e-6	-7.51225277166585e-6	1.9801063609402143e-6	-1.0161696108700856e-6	4.7962534047109665e-6	-2.023054228222875e-7
-8.372386172617064e-6	6.716328989832923e-6	7.757163140615993e-6	7.668357882805348e-6	-2.028988584135377e-6	1.0438346806349392e-6	-4.8752487521197825e-6	1.97630945322056e-7
8.610190032721256e-6	-6.8817514263105304e-6	-7.946350871526037e-6	-7.83139124119116e-6	2.0798588011755045e-6	-1.0725210090824277e-6	4.95683341103716e-6	-1.9280731935276226e-7
-8.862957916296157e-6	7.0564761293694735e-6	8.145186499148557e-6	8.001841442339832e-6	-2.1328448314374856e-6	1.1022878911408824e-6	-5.04114021649507e-6	1.8782714103750174e-7
9.132218427592162e-6	-7.241346113037226e-6	-8.35445821712375e-6	-8.180245387928111e-6	2.1880859657453535e-6	-1.1331994046412903e-6	5.128311450708367e-6	-1.8268250418653653e-7
-9.419722613380436e-6	7.4373126563363925e-6	8.575045057053945e-6	8.367194519776176e-6	-2.2457343021926675e-6	1.165324915162507e-6	-5.218499675844919e-6	1.7736494111042427e-7
9.72748680335292e-6	-7.645453612246146e-6	-8.807930651295901e-6	-8.563342073591743e-6	2.3059562929584727e-6	-1.1987396396074613e-6	5.311868714875415e-6	-1.7186540038309824e-7
-1.005784586403177e-5	7.866995634700565e-6	9.054219589617215e-6	8.769411532956884e-6	-2.368934502351996e-6	1.2335252838115557e-6	-5.408594733505156e-6	1.661741658295822e-7
1.041351997847859e-5	-8.103341317744462e-6	-9.315156992100572e-6	-8.98620652837785e-6	2.4348696442387813e-6	-1.2697707786102294e-6	5.508867424934157e-6	-1.6028080505278676e-7
-1.079769918117754e-5	8.356102567358802e-6	9.592152081202274e-6	9.214622481755152e-6	-2.5039829452786878e-6	1.307573108221588e-6	-5.612891375431166e-6	1.54174115608864e-7
1.1214151374758285e-5	-8.627141966647096e-6	-9.886806702078979e-6	-9.45566038078367e-6	2.576518882911154e-6	-1.3470382534708594e-6	5.720887574607583e-6	-1.478420224651508e-7
-1.166736194014831e-5	8.918624475461103e-6	1.0200950090995737e-5	9.710443133956452e-6	-2.6527483820417236e-6	1.3882822922263245e-6	-5.833095119813148e-6	1.4127151411019833e-7
1.2162716304387334e-5	-9.233082635369253e-6	-1.0536681569733242e-5	-9.980235104314998e-6	2.732972568508729e-6	-1.4314326459548563e-6	5.949773149769574e-6	-1.344485436592867e-7
-1.270674174038692e-5	9.573499572157994e-6	1.0896423344262625e-5	1.026646559456343e-5	-2.8175271849435054e-6	1.4766295247573298e-6	-6.071203026982331e-6	1.273579121944995e-7
1.3307432303871831e-5	-9.943415816302493e-6	-1.1282986340299397e-5	-1.0570757213058239e-5	2.9067878052790884e-6	-1.524027614488268e-6	6.197690816270916e-6	-1.1998315923606704e-7
-1.3974692350626434e-5	1.0347068347809665e-5	1.1699653039234867e-5	1.089496038478102e-5	-3.0011760547305565e-6	1.573798023151766e-6	-6.3295701086462505e-6	1.1230642218334074e-7
1.4720952584407931e-5	-1.0789573812574583e-5	-1.2150282691109703e-5	-1.1241195643857939e-5	3.101167035794757e-6	-1.6261305622164613e-6	6.467205252726296e-6	-1.0430828018389974e-7
-1.5562042634832867e-5	1.1277173345032615e-5	1.2639446303397099e-5	1.1611905815576148e-5	-3.207298247242792e-6	1.6812364315631914e-6	-6.610995045982982e-6	9.596757936522414e-8
1.651845435637969e-5	-1.181756465765072e-5	-1.3172601820857279e-5	-1.2009920929731308e-5	3.3201803998946914e-6	-1.7393513761807008e-6	6.761376988894145e-6	-8.726123688489639e-8
-1.7617216848248292e-5	1.242036007672139e-5	1.375632426220742e-5	1.2438539685677702e-5	-3.4405105745335617e-6	1.8007394245659286e-6	-6.918832196393152e-6	7.816400591164683e-8
1.8894759517940202e-5	-1.3097730222656814e-5	-1.4398612089015654e-5	-1.2901632632712193e-5	3.569088347469819e-6	-1.8656973558383841e-6	7.0838910746715765e-6	-6.864821509367742e-8
-2.040142938410089e-5	1.3865327625022742e-5	1.5109301164718193e-5	1.3403774150989497e-5	-3.7068357369370754e-6	1.9345600400883713e-6	-7.2571399331406365e-6	5.868347260323573e-8
2.2208896188803104e-5	-1.4743643608917822e-5	-1.590063329941208e-5	-1.3950413163569408e-5	3.854822043535165e-6	-2.0077068633420936e-6	7.439228704011358e-6	-4.823630845992938e-8
-2.4422852858742776e-5	1.5760055857915693e-5	1.6788051392388896e-5	1.4548096595740921e-5	-4.014295041752715e-6	2.085569539107539e-6	-7.630879989949561e-6	3.726977606793799e-8
2.7206014711464303e-5	-1.6952014715558165e-5	-1.779133436087048e-5	-1.5204765675691358e-5	4.186720551948433e-6	-2.168641628402701e-6	7.832899724221662e-6	-2.5742984881525078e-8
-3.082263721715486e-5	1.8372181567709174e-5	1.8936254643471463e-5	1.593015454554589e-5	-4.373833148269706e-6	2.2574902289125587e-6	-8.046189799113074e-6	1.361054664062804e-8
3.5732198766995026e-5	-2.009706951098251e-5	-2.025706276338564e-5	-1.6736335085886895e-5	4.577701812858925e-6	-2.3527704753771498e-6	8.271763086907691e-6	-8.219342295883294e-10
-4.2809060238473426e-5	2.224231580290438e-5	2.18003245672424e-5	1.76384747796432e-5	-4.8008160095212385e-6	2.4552436377643808e-6	-8.510761406081898e-6	-1.267927181585468e-8
5.3938161769784326e-5	-2.4991353715845176e-5	-2.3631056249117673e-5	-1.8655911911043456e-5	5.04620002801592e-6	-2.565799907044729e-6	8.76447716414438e-6	2.6956283953962407e-8
-7.400113772402687e-5	2.865339737161536e-5	2.584293919257394e-5	1.9813715145735967e-5	-5.317567036087652e-6	2.685487384210553e-6	-9.034379553848439e-6	-4.2080175384353644e-8
0.0001199746325425434	-3.3792258661313476e-5	-2.8576168600641876e-5	-2.114500318693209e-5	5.619529998468365e-6	-2.815549342848265e-6	9.322146478994332e-6	5.8131145668694795e-8
-0.0002942396676708323	4.1549590717156076e-5	3.2050516045437854e-5	2.2694495432369056e-5	-5.957895617608785e-6	2.9574726279678283e-6	-9.629703774728067e-6	-7.520006114222035e-8
-0.0020361253033303038	-5.459871666756313e-5	-3.6631155418436315e-5	-2.4524130123323816e-5	6.340082091875781e-6	-3.1130513233416986e-6	9.959273716287709e-6	9.339030821166346e-8
-0.00848528805657613	8.063341057922235e-5	4.297227232733297e-5	2.6722304907355396e-5	-6.7757261825503365e-6	3.2844716572184604e-6	-1.0313435505982327e-5	-1.1282003721105676e-7
-0.030962734127890565	-0.00014731759226927326	-5.237027623906887e-5	-2.9419788979550286e-5	7.277587809897267e-6	-3.4744268431440903e-6	1.069520140339332e-5	1.3362493418452576e-7
-0.08439264304701885	-0.001823126876498258	6.778755552595246e-5	3.281867956873776e-5	-7.862937132700932e-6	3.6862750071494495e-6	-1.1108113435401927e-5	-1.5596162920604215e-7
-0.16584782877338922	-0.007494982640207485	-9.762157288473151e-5	-3.724879368987445e-5	8.555752843104423e-6	-3.924260321861081e-6	1.1556367496366247e-5	1.800119211333191e-7
-0.2035674775668799	-0.02850488235652342	0.00017608333368603578	4.328727143564243e-5	-9.39034272009441e-6	4.1938289202705816e-6	-1.2044974439772904e-5	-2.0598809259263226e-7
-0.056099140059762694	-0.08122207000202103	-0.0005990373662460183	-5.204195164913047e-5	1.0417583489947928e-5	-4.502090583772909e-6	1.257997175512372e-5	2.3413962822575821e-7
0.33095462116658836	-0.16867438001044893	-0.0030025799594577884	6.593116037434683e-5	-1.1716276140530158e-5	4.858511011145914e-6	-1.3168705434750316e-5	-2.6476177043837106e-7
0.710536442304537	-0.22643103547371013	-0.012615486176000355	-9.134129618390125e-5	1.3415228905110688e-5	-5.275980712630728e-6	1.3820210941342222e-5	2.9820656379875937e-7
0.6524565109595357	-0.10457128472895212	-0.04370265358514391	0.00015126163413831952	-1.573991291350691e-5	5.772522145019675e-6	-1.4545736606849005e-5	-3.348972655107496e-7
0.06114415815908214	0.28883351872609964	-0.11287323235328668	-0.0003957818747365858	1.9122094685992148e-5	-6.374125806020215e-6	1.5359475899000268e-5	3.75347333926252e-7
-0.5839394753700093	0.7379478830307078	-0.2069264947969571	-0.002505188776784158	-2.4496603799074403e-5	7.119686297795122e-6	-1.6279613029946665e-5	-4.2018581419715413e-7
-0.7410968507012222	0.7695735946378258	-0.22470833463456344	-0.010468646998768982	3.428002696468109e-5	-8.070086260133807e-6	1.7329850700295485e-5	4.701917793748371e-7
-0.4064622004315396	0.18741811017836593	-0.0018422364501616537	-0.03779297309469178	-5.670744569792386e-5	9.32609270014002e-6	-1.854170134384135e-5	-5.263417449239217e-7
0.005847803460827332	-0.5590930664015162	0.4754874762220826	-0.10186581265601116	0.00013743594387848862	-1.1066746806838711e-5	1.995802790034804e-5	5.89876115349007e-7
0.19572914267750566	-0.8308036651811905	0.8566521040426667	-0.19736693082968726	-0.0010819096364202317	1.3641226582295285e-5	-2.1638708738989208e-5	-6.623941300654402e-7
0.17851246014935626	-0.5202196335841559	0.6663982130170261	-0.23650492697226022	-0.0044950276482639455	-1.7823094781420538e-5	2.367007742118625e-5	7.459924323071428e-7
0.09686804042829314	-0.05031109008452167	-0.0815427471237238	-0.05308055227074534	-0.018530246964745957	2.5672610355356786e-5	-2.6181432933319273e-5	-8.43472260918892e-7
0.03735727805296614	0.20157194055043734	-0.7577834048456509	0.4069014999836884	-0.0590600829051145	-4.450302176289622e-5	2.9375658832076266e-5	9.586578387922767e-7
0.010742556740200476	0.20726764700240058	-0.8159136945178608	0.8401911601573089	-0.13963308530871316	0.00011743241376915357	-3.3590273084070116e-5	-1.0969010783595995e-6
0.002557114884833486	0.1196394666043983	-0.3747906737046777	0.746369270737151	-0.22705009497349973	-0.001115117397696486	3.9430864311816196e-5	1.265910866130646e-6
0.0005019911805550063	0.04832711143433322	0.06887633020724224	0.03924959113355378	-0.1921766940476142	-0.0045932271557003095	-4.810008484885506e-5	-1.4771738115422646e-6
-0.00015149134621447757	0.014527648579531325	0.2351793679400346	-0.7023966941048798	0.11610040897101051	-0.01883132076012619	6.235443159739047e-5	1.748511214770301e-6
8.470651269972668e-5	0.003471770370135817	0.19004153609142044	-0.8598257501678128	0.6177123362974957	-0.05936616095395595	-9.004437767046728e-5	-2.108960674632973e-6
-5.904512192789533e-5	0.0007840014769929742	0.09623205738032685	-0.45537244365210744	0.8751754346047544	-0.13867413433394873	0.0001634135622432506	2.608791217554091e-6
4.5712446202697904e-5	-0.000166498143295349	0.035170078752927235	0.02084132740818144	0.49173818401338104	-0.22169925400333848	-0.0005665459988582344	-3.3419797860512227e-6
-3.75590294430286e-5	8.300391813648864e-5	0.009602749470459093	0.2314909477265312	-0.3145464197826862	-0.18017822781831785	-0.0028090710046983175	4.5028073357725495e-6
3.2046062087721816e-5	-5.4952101680669864e-5	0.0023066817237500786	0.2055013402234101	-0.8464457784225224	0.1288793667332229	-0.011802845440317424	-6.55193187440504e-6
-2.805774641947524e-5	4.1356659495191525e-5	0.0003219841438214418	0.10987022705878724	-0.7219092648078956	0.6148158673200852	-0.040777162071608995	1.0819752423289638e-5
2.5029352745410288e-5	-3.3380932965524744e-5	-0.00013428313970202628	0.04189306590989827	-0.22957231062152872	0.8453456717113903	-0.10502298551507769	-2.252658128639468e-5
-2.264494783778225e-5	2.8133469841522533e-5	8.34406639399646e-5	0.011915237794415256	0.1465166749005548	0.45054692983296973	-0.19182631215747706	7.689405296321519e-5
2.0714072903074628e-5	-2.440952491119664e-5	-6.102603177318035e-5	0.002838530424525419	0.2365304349221173	-0.3327400267983003	-0.20688508567764918	-0.001105567127898398
-1.9115069042741047e-5	2.162178213386799e-5	4.852750716817558e-5	0.0005291494597977411	0.16300600965406417	-0.8262856706844652	0.0015162250057744327	-0.004512564066640995
1.7766552864098773e-5	-1.945066482125353e-5	-4.055509869808769e-5	-0.00017172263208913659	0.07460186659531325	-0.6841270770275081	0.44359937053725174	-0.01830776005898024
-1.661199231685578e-5	1.7707591175162593e-5	3.5012914020390085e-5	9.830891996227476e-5	0.025092227247422803	-0.2043002159013902	0.7925491222551969	-0.056676601291252356
1.5610867395035973e-5	-1.627412794656151e-5	-3.092437031606704e-5	-6.925848877892682e-5	0.0063643926591098856	0.14987289227406891	0.6109395521437246	-0.12973176923725666
-1.4733355202244595e-5	1.5072135519153207e-5	2.777467557791169e-5	5.393485724309948e-5	0.0015643459637850168	0.22803284338436097	-0.08249365158877067	-0.20149686196250766
1.3957002426676082e-5	-1.4047953030169304e-5	-2.5267087849171545e-5	-4.447902619798667e-5	1.1571087415948852e-5	0.15421331310408876	-0.7033983332181165	-0.15218627772875867
-1.3264569012955091e-5	1.3163487903012331e-5	2.3218570152675062e-5	3.8047445146446874e-5	-2.612785187954885e-5	0.06968668072872332	-0.751349590900545	0.14086017323955688
1.2642588583884787e-5	-1.2390934149667527e-5	-2.1510066139942677e-5	-3.3375141915211365e-5	2.200597362875305e-5	0.023185089432221105	-0.3417292753077139	0.576246258082458
-1.2080382101897904e-5	1.1709505694794781e-5	2.006075464022632e-5	2.9816445156807565e-5	-1.8324100831714827e-5	0.005831775626441713	0.06631414599071603	0.7540849237201317
1.1569366427471575e-5	-1.1103341632866719e-5	-1.8813807714882213e-5	-2.7007879806237122e-5	1.5654409460228615e-5	0.0014347259335670975	0.21749242591847565	0.36521231686349226
-1.1102559689654177e-5	1.0560120553136669e-5	1.772807484676721e-5	2.472927568601004e-5	-1.3695699386084232e-5	-1.8410994747859254e-5	0.17474828422378816	-0.3398744844045717
1.0674220980185088e-5	-1.0070118762617255e-5	-1.67730039942187e-5	-2.2839461474522792e-5	1.2210197314001453e-5	-1.1005487589302022e-5	0.08818470454872987	-0.7499929126028907
-1.0279583552332657e-5	9.625554799755125e-6	1.5925419285658823e-5	2.124371028400888e-5	-1.1047334836272564e-5	1.211820166931641e-5	0.03214130423451406	-0.5911600304327075
9.914654380830278e-6	-9.220123530907015e-6	-1.51674088920073e-5	-1.9876053525072416e-5	1.0112171622094456e-5	-1.0946807192037794e-5	0.008753043511465178	-0.15707775115646766
-9.576061511616675e-6	8.848658702014675e-6	1.4484900897178278e-5	1.8689106085012106e-5	-9.343061845839204e-6	9.731252888006125e-6	0.002104176719036699	0.14567759219665607
9.260936372026276e-6	-8.506884374152662e-6	-1.3866678982539242e-5	-1.7647928559443775e-5	8.698591668683357e-6	-8.719447335985244e-6	0.00028626738936211643	0.20286458401598487
-8.966822062599454e-6	8.191229060622902e-6	1.3303687068090511e-5	1.672617396510989e-5	-8.150030535151491e-6	7.900572915823405e-6	-0.00012131085488130492	0.13307384363824318
8.69160110991949e-6	-7.898684781522397e-6	-1.2788528452678574e-5	-1.5903584782538392e-5	7.676865482122563e-6	-7.233633688470473e-6	7.577483575015446e-5	0.058894075442315154
-8.433438024564394e-6	7.6266988397812844e-6	1.2315098697748376e-5	1.5164318530698226e-5	-7.264075176678129e-6	6.682782167201139e-6	-5.555339200719757e-5	0.01924254541884303
8.190733234824182e-6	-7.373089783525355e-6	-1.1878312283084625e-5	-1.4495798417802727e-5	6.900412423434804e-6	-6.220975268561629e-6	4.423586989544722e-5	0.004778174603687625
-7.962085835652111e-6	7.135981428455766e-6	1.1473896197104705e-5	1.3887906344142447e-5	-6.5772895253485444e-6	5.82838770986947e-6	-3.700078193528283e-5	0.0011741029877033915
7.7462632362968e-6	-6.9137505645877236e-6	-1.109823202178282e-5	-1.3332404786732915e-5	6.288035072804527e-6	-5.4904525780499494e-6	3.196381977581478e-5	-5.5604741801541544e-5
-7.5421762475278755e-6	6.704985134820936e-6	1.0748233677898235e-5	1.2822515117438236e-5	-6.027386151801628e-6	5.196336507798766e-6	-2.8244162011109355e-5	1.0509227138525543e-5
7.348858516053372e-6	-6.5084505126267405e-6	-1.042125177215717e-5	-1.235260501661039e-5	5.79113370669221e-6	-4.9378606984490225e-6	2.5376462601333893e-5	-2.624979239097702e-6
-7.165449427630895e-6	6.323062090630309e-6	1.0114997993680948e-5	1.1917953369675378e-5	-5.575869897198843e-6	4.708754446714434e-6	-2.309204469090843e-5	3.0972377960009986e-7
6.991179805135543e-6	-6.147862830891005e-6	-9.827484795634685e-6	-1.1514571048970438e-5	5.378804857603243e-6	-4.504138213095166e-6	2.1224976227665e-5	5.69630121699988e-7
-6.825359903199172e-6	5.982004782999376e-6	9.55697687015444e-6	1.1139062633660519e-5	-5.197631641178166e-6	4.320162049737408e-6	-1.966722079597513e-5	-9.527206835305361e-7
6.667369258526894e-6	-5.824733740043923e-6	-9.301951809194753e-6	-1.0788518546747995e-5	5.030425185461154e-6	-4.153749312196051e-6	1.8345379819954783e-5	1.1306439648561767e-6
-6.516648062545111e-6	5.675376432917125e-6	9.061067957423158e-6	1.0460430037709323e-5	-4.875565688282907e-6	4.002412359969411e-6	-1.7207810559229128e-5	-1.2132202229243984e-6
6.372689824010502e-6	-5.533329803932934e-6	-8.833137960663818e-6	-1.0152621532026921e-5	4.731679807274019e-6	-3.86411810644363e-6	1.6217096617592742e-5	1.2478719075952323e-6
-6.235035069628899e-6	5.398051944258737e-6	8.617106886964232e-6	9.863196340469679e-6	-4.5975950093219045e-6	3.7371885550477562e-6	-1.534544529388751e-5	-1.257164291203919e-6
6.1032659218653865e-6	-5.2690544155949665e-6	-8.412033990316794e-6	-9.590492742131151e-6	4.472303736394214e-6	-3.6202262594000436e-6	1.4571765338338855e-5	1.2526347789415642e-6
-5.977001435359271e-6	5.145895717885056e-6	8.217077428640586e-6	9.333048168356978e-6	-4.35493503465663e-6	3.51205776421909e-6	-1.3879750310661655e-5	-1.2405095053991659e-6
5.855893537397528e-6	-5.028175697549118e-6	-8.031481411324226e-6	-9.089569797822976e-6	4.244731886812774e-6	-3.4116901665539456e-6	1.3256585555452121e-5	1.2242869464240975e-6
-5.739623501430179e-6	4.915530740566804e-6	7.854565309670414e-6	8.858910272938202e-6	-4.141032927438586e-6	3.318277430679791e-6	-1.2692054081818435e-5	-1.2059914046815862e-6
5.6278988784103785e-6	-4.807629634695231e-6	-7.685714393767585e-6	-8.640047491676275e-6	4.043257594681214e-6	-3.23109398306904e-6	1.217790465431701e-5	1.1868171494202453e-6
-5.520450797550792e-6	4.704169987460429e-6	7.524371927607378e-6	8.43206771042122e-6	-3.950893999909534e-6	3.1495138040895333e-6	-1.170739646491178e-5	-1.1674754746968335e-6
5.4170316037030885e-6	-4.60487510254859e-6	-7.37003238614316e-6	-8.234151344331416e-6	3.863488924378295e-6	-3.072993752642141e-6	1.127496528117699e-5	1.1483891884628271e-6
-5.317412775337642e-6	4.5094912742032135e-6	7.222235603364342e-6	8.045560956870427e-6	-3.7806395214737866e-6	3.0010601536303472e-6	-1.0875974791289509e-5	-1.1298052479094881e-6
5.221383083597139e-6	-4.417785411046085e-6	-7.0805617227205e-6	-7.865631061710102e-6	3.7019864191112225e-6	-2.9332979094869955e-6	1.0506528787515007e-5	1.1118618309144031e-6
-5.128746964902824e-6	4.329542947288588e-6	6.944626816008294e-6	7.693759423296052e-6	-3.6272079234466348e-6	2.8693416041709524e-6	-1.016332744364912e-5	-1.0946292018208404e-6
5.039323070052946e-6	-4.244566018616205e-6	-6.814079052923645e-6	-7.52939960624906e-6	3.556015128624002e-6	-2.808868207327787e-6	9.843556016721611e-6	1.078135083276263e-6
-4.952942986067283e-6	4.162671841037249e-6	6.688595372540624e-6	7.372054554154056e-6	-3.488147790455462e-6	2.751591024348272e-6	-9.544797750579848e-6	-1.0623806740039294e-6
4.869450077808513e-6	-4.083691279106725e-6	-6.567878558714282e-6	-7.221271053347194e-6	3.423370804010271e-6	-2.6972546529217906e-6	9.26496502723467e-6	1.0473508760839372e-6
-4.788698462223005e-6	4.007467577671169e-6	6.451654661358259e-6	7.07663493529203e-6	-3.3614711920427887e-6	2.6456307805855784e-6	-9.002244418447768e-6	-1.0330208659669289e-6
4.7105521029595566e-6	-3.9338552382788544e-6	-6.339670735477595e-6	-6.937766886172824e-6	3.302255525705644e-6	-2.5965146377466965e-6	8.755052479396124e-6	1.019360361874985e-6
-4.63488395790946e-6	3.86271900399177e-6	6.231692837790027e-6	6.804318809956951e-6	-3.245547701149688e-6	2.549721992004866e-6	-8.521999908208121e-6	-1.0063363910678727e-6
4.561575256971412e-6	-3.7939329643229228e-6	-6.127504245093213e-6	-6.675970633361256e-6	3.191187009465555e-6	-2.5050866064250605e-6	8.30186224347956e-6	9.939150563858484e-7
-4.490514830496318e-6	3.727379760448653e-6	6.026903875472539e-6	6.552427492549856e-6	-3.1390264663687096e-6	2.46245806610698e-6	-8.093555760633603e-6	-9.820626704156698e-7
4.421598483433608e-6	-3.6629498412112877e-6	-5.929704892095021e-6	-6.43341726982869e-6	3.0889313623565e-6	-2.421699908476189e-6	7.896117528421696e-6	9.707464719038483e-7
-4.3547284768265775e-6	3.600540833345839e-6	5.835733432687378e-6	6.318688409927973e-6	-3.040777979594684e-6	2.3826880211434905e-6	-7.708688779945671e-6	-9.599350409558512e-7
4.2898130088581585e-6	-3.5400569529065284e-6	-5.74482749124041e-6	-6.208007980355615e-6	2.994452482805815e-6	-2.345309261515557e-6	7.530500984793244e-6	9.495985266220716e-7
-4.2267657703843065e-6	3.481408462039265e-6	5.656835923479733e-6	6.101159956061612e-6	-2.9498499392295253e-6	2.3094602462432485e-6	-7.36086412576361e-6	-9.397087675514691e-7
4.165505545038447e-6	-3.424511214598699e-6	-5.5716175146576075e-6	-5.997943700351851e-6	2.90687344598954e-6	-2.275046309360882e-6	7.199156769654924e-6	9.30239318314861e-7
-4.105955813915165e-6	3.369286205146857e-6	5.489040185876649e-6	5.898172584518081e-6	-2.865433371252946e-6	2.241980595242145e-6	-7.044817620529107e-6	-9.211654150877518e-7
4.048044438639735e-6	-3.3156591833450424e-6	-5.408980257367326e-6	-5.801672775494598e-6	2.8254466734524963e-6	-2.2101832482033326e-6	6.897338307241962e-6	9.124639295699653e-7
-3.991703336751785e-6	3.2635603017526217e-6	5.331321762907793e-6	5.708282155785807e-6	-2.7868362984320015e-6	2.1795807179338086e-6	-6.756257198194718e-6	-9.041132914007989e-7
3.936868191853842e-6	-3.2129237764177664e-6	-5.255955876110926e-6	-5.617849312256332e-6	2.749530638274699e-6	-2.1501051421215977e-6	6.621154062905629e-6	8.960933929327542e-7
-3.883478212478998e-6	3.163687610416778e-6	5.1827803442485606e-6	5.530232677514273e-6	-2.7134630592183328e-6	2.121693793032694e-6	-6.491645464499712e-6	-8.8838550683053e-7
3.83147587162185e-6	-3.1157933081380407e-6	-5.111698996192877e-6	-5.445299731317115e-6	2.6785714666945684e-6	-2.0942885984736125e-6	6.367380761746921e-6	8.809721919085841e-7
-3.7808066963315033e-6	3.06918562879272e-6	5.042621302526862e-6	5.362926257943419e-6	-2.6447979136173685e-6	2.0678357137896784e-6	-6.248038617604987e-6	-8.738371991504137e-7
3.7314190711497887e-6	-3.0238123743460735e-6	-4.975461941710047e-6	-5.282995725878318e-6	2.6120882738293283e-6	-2.0422851351229357e-6	6.133323958055158e-6	8.669653891023471e-7
-3.6832640382426908e-6	2.9796241623812406e-6	4.9101404485147605e-6	5.205398676968005e-6	-2.5803919072658416e-6	2.0175903556169392e-6	-6.022965303349664e-6	-8.603426515691544e-7
3.636295136832441e-6	-2.9365742470887862e-6	-4.846580857768138e-6	-5.130032191931014e-6	2.5496613892693335e-6	-1.9937080731466638e-6	5.916712420224166e-6	8.539558235732974e-7
-3.5904682417735885e-6	2.8946183451974838e-6	4.784711384050348e-6	5.05679941612748e-6	-2.5198522651583826e-6	1.970597902261933e-6	-5.81433425052323e-6	-8.477926197233812e-7
3.5457414141577526e-6	-2.8537144653509437e-6	-4.724464154535283e-6	-4.985609093845418e-6	2.4909227968176323e-6	-1.948222128959287e-6	5.715617087311897e-6	8.418415706632622e-7
-3.502074769267764e-6	2.8138227681756904e-6	4.665774923080668e-6	4.916375183779127e-6	-2.462833777810219e-6	1.926545510705362e-6	-5.620362950979288e-6	-8.360919524451546e-7
3.4594303504921694e-6	-2.774905425415851e-6	-4.608582837267963e-6	-4.8490164777182645e-6	2.4355483284742836e-6	-1.9055350462784029e-6	5.528388140227535e-6	8.305337354599174e-7
-3.4177720122394395e-6	2.7369264933168546e-6	4.552830218384574e-6	4.783456256853818e-6	-2.4090317247567575e-6	1.8851598138204831e-6	-5.439521966330927e-6	-8.251575338027273e-7
3.3770653117504567e-6	-2.6998517950022416e-6	-4.498462345619063e-6	-4.719621998342017e-6	2.3832512533295676e-6	-1.8653908169837393e-6	5.3536055891145745e-6	8.199545507930245e-7
-3.337277411262508e-6	2.663648814421167e-6	4.445427274540021e-6	4.657445072104082e-6	-2.358176043897494e-6	1.8462008078584997e-6	-5.270490992758204e-6	-8.149165390831461e-7
3.2983769818379886e-6	-2.6282865936167677e-6	-4.393675657272007e-6	-4.59686048880817e-6	2.33377696223752e-6	-1.8275641830852408e-6	5.190040087135542e-6	8.100357608978008e-7
-3.260334118656542e-6	2.593735638253794e-6	4.343160583098172e-6	4.5378066600742916e-6	-2.3100264797116236e-6	1.8094568466891894e-6	-5.11212384706833e-6	-8.053049488377903e-7
3.2231202599609796e-6	-2.559967836427241e-6	-4.293837425286109e-6	-4.480225170020805e-6	2.286898551659049e-6	-1.791856096058885e-6	5.036621591420187e-6	8.007172674239495e-7
-3.186708111561095e-6	2.526956371840041e-6	4.245663704806772e-6	4.424060577896229e-6	-2.2643685406097507e-6	1.77474053789919e-6	-4.963420314899528e-6	-7.962662933045802e-7
3.1510715762542026e-6	-2.494675652154886e-6	-4.198598962210822e-6	-4.369260224324759e-6	2.2424131026586734e-6	-1.7580899709870572e-6	4.89241405301212e-6	7.919459758292792e-7
-3.116185688808122e-6	2.463101240959516e-6	4.152604632490537e-6	4.315774060680162e-6	-2.221010106898788e-6	1.7418853235066278e-6	-4.823503365372129e-6	-7.877506074146699e-7
3.082026556353301e-6	-2.4322097887670084e-6	-4.107643941857973e-6	-4.2635544847939415e-6	2.200138565304301e-6	-1.7261085679629383e-6	4.756594817443533e-6	7.836748197717691e-7
-3.048571295635988e-6	2.4019789749924814e-6	4.063681798614947e-6	4.2125561931132135e-6	-2.1797785478945435e-6	1.7107426384421045e-6	-4.691600527445869e-6	-7.79713534385463e-7
3.0157979867876336e-6	-2.3723874521869746e-6	-4.020684697760402e-6	-4.162736043423653e-6	2.1599111221174565e-6	-1.69577138809396e-6	4.6284377695543675e-6	7.758619565022931e-7
-2.983685618843991e-6	2.3434147910647856e-6	3.978620634487931e-6	4.1140529227085586e-6	-2.140518290259917e-6	1.6811795098631994e-6	-4.567028574897626e-6	-7.721155645936959e-7
2.952214039859388e-6	-2.3150414314037873e-6	-3.937459017011677e-6	-4.066467631490837e-6	2.1215829314250036e-6	-1.666952486700574e-6	4.507299410389448e-6	7.684700668926388e-7
-2.9213639210361785e-6	2.2872486386462814e-6	3.897170590318227e-6	4.019942771578373e-6	-2.1030887456901976e-6	1.653076547267791e-6	-4.449180855181672e-6	-7.649214123351217e-7
2.891116707551452e-6	-2.2600184570617605e-6	-3.8577273627936295e-6	-3.974442641962236e-6	2.085020209483271e-6	-1.639538608564058e-6	4.3926073064511595e-6	7.614657604100085e-7
-2.8614545820625934e-6	2.233333670065267e-6	3.819102539351681e-6	3.9299331426767e-6	-2.0673625272577047e-6	1.6263262392681317e-6	-4.337516735691729e-6	-7.580994662293907e-7
2.832360429977585e-6	-2.207177764525937e-6	-3.7812704552682e-6	-3.886381688226836e-6	2.0501015858801814e-6	-1.6134276167278614e-6	4.2838504287211e-6	7.548190833232833e-7
-2.803817803095885e-6	2.1815348927592856e-6	3.7442065184790694e-6	3.8437571192299884e-6	-2.033223922399079e-6	1.6008314916970863e-6	-4.23155277113057e-6	-7.516213277035572e-7
2.7758108873149548e-6	-2.156389838763373e-6	-3.7078871547275453e-6	-3.802029625926289e-6	2.016716679733468e-6	-1.5885271504896025e-6	4.180571048530284e-6	7.485030884688594e-7
-2.748324471431497e-6	2.13172798748058e-6	3.672289750760076e-6	3.7611706799956543e-6	-2.0005675759132173e-6	1.5765043859625026e-6	-4.130855250028681e-6	-7.454614108207259e-7
2.7213439218066397e-6	-2.107535297940135e-6	-3.6373926097776168e-6	-3.7211529566522044e-6	1.9847648729161e-6	-1.5647534685061625e-6	4.082357899439338e-6	7.424934749828219e-7
-2.6948551509940257e-6	2.083798269687958e-6	3.603174904588561e-6	3.6819502790600832e-6	-1.969297343701684e-6	1.5532651123804716e-6	-4.0350338951458795e-6	-7.395966084584872e-7
2.6688445931667694e-6	-2.0605039188617383e-6	-3.569616630708623e-6	-3.6435375576839098e-6	1.954154247005567e-6	-1.5420304586535746e-6	3.988840362166394e-6	7.367682620052248e-7
-2.6432991831687915e-6	2.0376397591312064e-6	3.5366985684349665e-6	3.605890725878992e-6	-1.9393252994218967e-6	1.5310410447724359e-6	-3.943736510469022e-6	-7.340060050078212e-7
2.618206329549118e-6	-2.015193768284025e-6	-3.5044022467554e-6	-3.5689866990826287e-6	1.924800652922491e-6	-1.5202887829648987e-6	3.899683515365925e-6	7.313075250919832e-7
-2.5935538941481845e-6	1.993154372447576e-6	3.4727099021193024e-6	3.5328033187779183e-6	-1.9105708691173196e-6	1.5097659439372383e-6	-3.856644396265515e-6	-7.286706141042961e-7
2.569330173912417e-6	-1.9715104271127036e-6	-3.4416044449842652e-6	-3.4973193032300133e-6	1.896626900369389e-6	-1.4994651309943823e-6	3.8145839026428456e-6	7.260931651990682e-7
-2.545523878946586e-6	1.9502511911246124e-6	3.411069434904712e-6	3.4625142112559097e-6	-1.882960070403389e-6	1.4893792668415641e-6	-3.7734684232078325e-6	-7.235731664035593e-7
2.5221241144628607e-6	-1.9293663133425577e-6	-3.381089040966131e-6	-3.428368397755593e-6	1.8695620502810528e-6	-1.4795015741288945e-6	3.7332658819912248e-6	7.211086979035059e-7
-2.4991203656690955e-6	1.908845813373511e-6	3.351648016366194e-6	3.394862972197943e-6	-1.8564248467528057e-6	1.4698255598684914e-6	-3.693945652795469e-6	-7.186979217729678e-7
2.4765024790301825e-6	-1.8886800651744952e-6	-3.322731676516891e-6	-3.361979764695817e-6	1.8435407844124794e-6	-1.4603450019381787e-6	3.6554784826386176e-6	7.163390813291724e-7
-2.4542606470846656e-6	1.8688597805185422e-6	3.2943258655619052e-6	3.3297012963019576e-6	-1.8309024855704493e-6	1.4510539316769617e-6	-3.617836407026598e-6	-7.140304988450015e-7
2.4323853955971305e-6	-1.8493759955056182e-6	-3.266416937218985e-6	-3.2980107369828373e-6	1.8185028593665498e-6	-1.441946626076827e-6	3.580992684215464e-6	7.117705633095096e-7
-2.410867566410165e-6	1.8302200565830884e-6	3.238991731516459e-6	3.2668918814490944e-6	-1.8063350906931476e-6	1.4330175903963684e-6	-3.544921728812016e-6	-7.095577351796131e-7
2.389698307094875e-6	-1.8113836042633658e-6	-3.2120375517524006e-6	-3.236329122614928e-6	1.7943926208907033e-6	-1.4242615476692395e-6	3.50959904559914e-6	7.07390540465528e-7
-2.3688690570694522e-6	1.792858565363801e-6	3.1855421450564176e-6	3.20630741569869e-6	-1.7826691358966005e-6	1.4156734327244743e-6	-3.4750011743584995e-6	-7.052675627029756e-7
2.3483715340121415e-6	-1.7746371367995315e-6	-3.1594936828660185e-6	-3.1768122614472644e-6	1.7711585633993267e-6	-1.407248374730517e-6	3.441105636532377e-6	7.031874452853942e-7
-2.3281977268449565e-6	1.7567117753277078e-6	3.1338807433039424e-6	3.147829676735142e-6	-1.7598550512479121e-6	1.3989816899571246e-6	-3.4078908802748355e-6	-7.011488890376204e-7
2.308339879116545e-6	-1.7390751890417906e-6	-3.108692291330583e-6	-3.1193461722627472e-6	1.7487529599781122e-6	-1.390868878164503e-6	3.3753362343445747e-6	6.991506432946857e-7
-2.2887904837458454e-6	1.7217203228093732e-6	3.0839176663201125e-6	3.0913487325360305e-6	-1.7378468596658913e-6	1.3829056067443661e-6	-3.3434218663194754e-6	-6.971915076147035e-7
2.269542270496458e-6	-1.704640352722969e-6	-3.059546562497177e-6	-3.0638247928106e-6	1.7271315109096222e-6	-1.375087703010217e-6	3.3121287347067968e-6	6.952703332547212e-7
-2.250588195749942e-6	1.6878286736407642e-6	3.0355690154146783e-6	3.0367622219621243e-6	-1.7166018621283267e-6	1.3674111545913093e-6	-3.2814385532577907e-6	-6.933860102726527e-7
2.2319214385231778e-6	-1.6712788926062586e-6	-3.011975390363012e-6	-3.0101493005559085e-6	1.706253041002273e-6	-1.3598720936954708e-6	3.2513337527356593e-6	6.915374744231688e-7
-2.2135353838547733e-6	1.6549848186611738e-6	2.988756363551183e-6	2.9839747084189767e-6	-1.696080343430375e-6	1.3524667916897964e-6	-3.2217974452986547e-6	-6.897237046779183e-7
2.1954236234494577e-6	-1.6389404554403515e-6	-2.9659029148012686e-6	-2.95822750197121e-6	1.6860792295960577e-6	-1.34519165830113e-6	3.1928133938725e-6	6.879437133352775e-7
-2.177579941426879e-6	1.623139995620769e-6	2.943406312501252e-6	2.9328971019555386e-6	-1.6762453150460323e-6	1.3380432294582604e-6	-3.1643659746574527e-6	-6.861965535807234e-7
2.1599983094075035e-6	-1.6075778079788522e-6	-2.9212581016497037e-6	-2.907973280251551e-6	1.6665743643977237e-6	-1.331018163416952e-6	3.136440156578778e-6	6.844813138063727e-7
-2.1426728814547805e-6	1.5922484384639525e-6	2.8994500950394678e-6	2.883446137796667e-6	-1.6570622847783637e-6	1.3241132367160024e-6	-3.1090214695858313e-6	-6.827971140523599e-7
2.1255979812017143e-6	-1.577146596283646e-6	-2.8779743612482453e-6	-2.8593061015749527e-6	1.6477051211794365e-6	-1.317325338293737e-6	3.082095972585357e-6	6.811431070062636e-7
-2.1087681048282245e-6	1.5622671509655918e-6	2.8568232142441382e-6	2.835543902737143e-6	-1.6384990484087322e-6	1.3106514629203323e-6	-3.055650240953791e-6	-6.795184774593789e-7
2.0921779046318772e-6	-1.5476051280476155e-6	-2.8359892047488316e-6	-2.8121505681594436e-6	1.6294403671747992e-6	-1.304088709008147e-6	3.0296713354035746e-6	6.779224388626644e-7
-2.0758221900471902e-6	1.5331556976240745e-6	2.8154651131805137e-6	2.789117410463256e-6	-1.62052550041744e-6	1.2976342742329981e-6	-3.0041467765381823e-6	-6.763542300732144e-7
2.0596959227265287e-6	-1.5189141767178142e-6	-2.795243934079465e-6	-2.7664360111912513e-6	1.6117509834443265e-6	-1.291285447497526e-6	2.9790645351313572e-6	6.748131206914626e-7
-2.0437942025211863e-6	1.5048760154167014e-6	2.7753188771586604e-6	2.744098217093348e-6	-1.6031134658767574e-6	1.2850396112190006e-6	-2.9544130046684007e-6	-6.732984038601312e-7
2.0281122732613317e-6	-1.4910367988507608e-6	-2.7556833536810456e-6	-2.722096123638263e-6	1.594609702095559e-6	-1.2788942322877098e-6	2.9301809792658553e-6	6.718093960600947e-7
-2.0126455131728365e-6	1.4773922410783077e-6	2.736330965974149e-6	2.7004220707033578e-6	-1.5862365481812248e-6	1.2728468602226984e-6	-2.906357647381673e-6	-6.703454395768486e-7
1.9973894243576113e-6	-1.4639381733937468e-6	-2.7172555117538495e-6	-2.6790686282666612e-6	1.5779909609859453e-6	-1.2668951261641486e-6	2.8829325671303e-6	6.689058971706969e-7
-1.9823396399158014e-6	1.4506705518880162e-6	2.698450963035703e-6	2.658028592534e-6	-1.5698699885434205e-6	1.2610367345563532e-6	-2.8598956463991033e-6	-6.674901545667306e-7
1.9674919119584557e-6	-1.437585445576276e-6	-2.679911467975213e-6	-2.6372949745189118e-6	1.5618707729281356e-6	-1.2552694663063782e-6	2.8372371410490683e-6	6.660976163104867e-7
-1.9528421048666198e-6	1.424679028975784e-6	2.661631347471312e-6	2.616860989242647e-6	-1.5539905407100216e-6	1.2495911693509178e-6	-2.814947629011844e-6	-6.647277080865258e-7
1.938386201980376e-6	-1.4119475900189846e-6	-2.643605076956947e-6	-2.5967200596085124e-6	1.546226604406548e-6	-1.2439997617534936e-6	2.7930179974938453e-6	6.633798746588037e-7
-1.9241202903760386e-6	1.3993875159345012e-6	2.6258272926288163e-6	2.576865791194313e-6	-1.5385763567768766e-6	1.2384932259046807e-6	-2.7714394401692793e-6	-6.620535765060137e-7
1.9100405635573454e-6	-1.3869952910872632e-6	-2.608292783742479e-6	-2.5572919799318712e-6	1.531037267293948e-6	-1.233069604290336e-6	2.750203431593562e-6	6.607482951326604e-7
-1.896143317706109e-6	1.3747675010494222e-6	2.5909964786974715e-6	2.537992604728552e-6	-1.5236068829190565e-6	1.2277270038907108e-6	-2.7293017235336154e-6	-6.594635257889268e-7
1.8824249445359381e-6	-1.3627008187410612e-6	-2.5739334511106695e-6	-2.5189618055532736e-6	1.51628281872137e-6	-1.2224635838031588e-6	2.7087263343834874e-6	6.581987804700645e-7
-1.8688819333802456e-6	1.3507920094838582e-6	2.557098910063473e-6	2.5001938977926805e-6	-1.5090627642936122e-6	1.217277563967645e-6	-2.6884695330672126e-6	-6.569535881052638e-7
1.855510862951969e-6	-1.3390379245918873e-6	-2.540488192925829e-6	-2.4816833573285323e-6	1.5019444718590462e-6	-1.2121672139148784e-6	2.6685238329481293e-6	6.557274898459682e-7
-1.8423084020969689e-6	1.327435497461451e-6	2.52409676637533e-6	2.463424805582928e-6	-1.4949257585446432e-6	1.207130855223053e-6	-2.6488819835943373e-6	-6.545200431315812e-7
1.8292713050542044e-6	-1.315981744867059e-6	-2.5079202162695744e-6	-2.4454130225384816e-6	1.4880045092490462e-6	-1.2021668625841656e-6	2.6295369576834354e-6	6.53330818036729e-7
-1.8163964092274282e-6	1.3046737587648e-6	2.4919542506799314e-6	2.4276429305534072e-6	-1.4811786602111263e-6	1.1972736508463613e-6	-2.6104819418396467e-6	-6.521593983357937e-7
1.8036806323317034e-6	-1.2935087092687582e-6	-2.4761946883405063e-6	-2.410109584599555e-6	1.4744462106588486e-6	-1.1924496896594812e-6	2.591710337926859e-6	6.510053794730272e-7
-1.7911209700568085e-6	1.282483838029058e-6	2.4606374580348714e-6	2.39280818253454e-6	-1.4678052187857264e-6	1.1876934869597063e-6	-2.573215739447816e-6	-6.498683705114617e-7
1.7787144939225732e-6	-1.2715964578209532e-6	-2.4452785998333433e-6	-2.3757340474414904e-6	1.4612537875471855e-6	-1.1830035926460713e-6	2.554991936283526e-6	6.487479912382465e-7
-1.766458347596282e-6	1.260843950568836e-6	2.4301142516313106e-6	2.358882626944934e-6	-1.4547900801455273e-6	1.17837860530558e-6	-2.537032907158291e-6	-6.476438718999938e-7
1.7543497469586576e-6	-1.2502237633509349e-6	-2.415140654132269e-6	-2.3422494933867316e-6	1.448412308414963e-6	-1.1738171539022912e-6	2.519332799760345e-6	6.465556567460791e-7
-1.7423859746481814e-6	1.2397334089182327e-6	2.400354144540919e-6	2.3258303336260794e-6	-1.4421187275526727e-6	1.1693179096037145e-6	-2.5018859438463503e-6	-6.454829956796653e-7
1.7305643815797412e-6	-1.2293704607717531e-6	-2.385751152903392e-6	-2.309620948420179e-6	1.4359076478516056e-6	-1.164879585010593e-6	2.484686828738292e-6	6.44425553545839e-7
-1.7188823824917859e-6	1.2191325539232148e-6	2.37132820016495e-6	2.293617248330695e-6	-1.4297774181571222e-6	1.1605009199091465e-6	-2.4677301020826533e-6	-6.433830017088438e-7
