-5.76816618589687e-6	4.3799337988992044e-6	3.84829986003121e-6	3.7627837371854697e-6	-4.86320532145377e-7	7.421676802791662e-8	-1.878403423499204e-6	3.406007747359105e-7
5.81193300375019e-6	-4.408683469575225e-6	-3.8797402245727464e-6	-3.7897699985528172e-6	4.945865427251163e-7	-7.889665514673861e-8	1.8922203834858225e-6	-3.3983515978577263e-7
-5.856382736209475e-6	4.437869611567011e-6	3.91164561775142e-6	3.817142385938247e-6	-5.029675572928912e-7	8.363951088598614e-8	-1.9062150745685994e-6	3.390597661226546e-7
5.901531823366385e-6	-4.467502445099293e-6	-3.944026655696208e-6	-3.844909429619982e-6	5.114660415274076e-7	-8.844664255910592e-8	1.9203910328310722e-6	-3.382743994973003e-7
-5.947397241573389e-6	4.497592522564042e-6	3.9768942855218124e-6	3.873079908282379e-6	-5.200845387827648e-7	9.331939979926797e-8	-1.9347518941458344e-6	3.374788624344667e-7
5.993996520018796e-6	-4.52815072764457e-6	-4.01025978643422e-6	-3.9016628782497516e-6	5.288256710665998e-7	-9.825916352832811e-8	1.9493013843135755e-6	-3.3667295141925634e-7
-6.041347775104382e-6	4.559188296183688e-6	4.044134798562486e-6	3.930667658041067e-6	-5.376921268720191e-7	1.0326735701479909e-7	-1.9640433336167075e-6	3.358564567715489e-7
6.089469721988705e-6	-4.5907168298858574e-6	-4.0785313268877536e-6	-3.960103856249444e-6	5.466866829298562e-7	-1.0834544875243863e-7	1.9789816820161896e-6	-3.3502916485699854e-7
-6.138381710350886e-6	4.622748308185094e-6	4.113461758338568e-6	3.989981377897125e-6	-5.558121978187309e-7	1.134949403095595e-7	-1.9941204705502013e-6	3.3419085413016496e-7
6.1881037473490625e-6	-4.655295108408446e-6	-4.148938878738835e-6	-4.0203104316963345e-6	5.650716114299102e-7	-1.1871738319807282e-7	2.009463857441213e-6	-3.333412988553433e-7
-6.238656523570851e-6	4.688370017094976e-6	4.184975888713706e-6	4.051101549608669e-6	-5.744679595130941e-7	1.2401437724395722e-7	-2.0250161154267168e-6	3.324802653332225e-7
6.2900614491769405e-6	-4.721986254294916e-6	-4.221586418318376e-6	-4.08236559190311e-6	5.840043651853593e-7	-1.2938755961432167e-7	2.040781637898593e-6	-3.3160751503727906e-7
-6.342340678514132e-6	4.756157483943426e-6	4.258784547370664e-6	4.114113768052884e-6	-5.936840514823157e-7	1.3483862542637073e-7	-2.0567649448076496e-6	3.307228012555745e-7
6.395517147748021e-6	-4.790897839141143e-6	-4.296584825312005e-6	-4.1463576421221744e-6	6.035103401030851e-7	-1.403693184775148e-7	2.072970680480283e-6	-3.298258704714648e-7
-6.449614609873228e-6	4.8262219417692655e-6	4.3350022847551115e-6	4.179109156575312e-6	-6.134866563134865e-7	1.4598142954137246e-7	-2.089403628353931e-6	3.2891646454657686e-7
6.504657666969324e-6	-4.862144918155729e-6	-4.374052471476994e-6	-4.2123806398732015e-6	6.236165359018791e-7	-1.5167681376431613e-7	2.1060687095158214e-6	-3.279943123488325e-7
-6.560671814191049e-6	4.89868243062491e-6	4.413751458340363e-6	4.2461848253239965e-6	-6.339036237971115e-7	1.574573742235904e-7	-2.1229709838889786e-6	3.270591407702652e-7
6.61768348035649e-6	-4.935850693869284e-6	-4.4541158708398014e-6	-4.280534872599672e-6	6.443516860069919e-7	-1.6332507779155213e-7	2.1401156686294265e-6	-3.261106670595342e-7
-6.675720066011208e-6	4.973666502099296e-6	4.4951629144959095e-6	4.315444374059749e-6	-6.549646065410188e-7	1.692819527643624e-7	-2.157508129887888e-6	3.2514859548013306e-7
6.7348099944360686e-6	-5.01214725741116e-6	-4.536910393868012e-6	-4.350927387518868e-6	6.657463992708356e-7	-1.7533008719358384e-7	2.1751538936786643e-6	-3.2417262914393925e-7
-6.794982761716139e-6	5.051310995278741e-6	4.5793767452398556e-6	4.386998445143495e-6	-6.767012092864564e-7	1.8147164145236866e-7	-2.193058659954469e-6	3.231824586508209e-7
6.856268979191923e-6	-5.0911764142316515e-6	-4.622581061836611e-6	-4.423672576876929e-6	6.878333176534349e-7	-1.8770883841713008e-7	2.211228291140289e-6	-3.2217776135047457e-7
-6.918700435428203e-6	5.131762905867057e-6	4.666543124228612e-6	4.460965337071138e-6	-6.991471525861759e-7	1.940439779962254e-7	-2.2296688375601276e-6	3.211582130794818e-7
6.9823101550531485e-6	-5.173090594313784e-6	-4.7112834313506605e-6	-4.49889281910186e-6	7.106472878859286e-7	-2.004794320271658e-7	2.248386534419518e-6	-3.2012347394008696e-7
-7.047132449873539e-6	5.2151803587562824e-6	4.756823235731801e-6	4.53747168656591e-6	-7.223384557699657e-7	2.0701764959764072e-7	-2.267387805393198e-6	3.1907319316574677e-7
7.113202991933882e-6	-5.258053878919358e-6	-4.803184576263086e-6	-4.5767191942658766e-6	7.342255511493165e-7	-2.136611637290642e-7	2.286679284362267e-6	-3.18007014653539e-7
-7.180558880052064e-6	5.301733678848841e-6	4.850390313329737e-6	4.616653218121126e-6	-7.463136372589353e-7	2.204125879388652e-7	-2.3062678083003286e-6	3.1692456407660565e-7
7.249238711973019e-6	-5.346243150319837e-6	-4.898464177316069e-6	-4.657292280125281e-6	7.586079561541265e-7	-2.2727462738503587e-7	2.3261604333994415e-6	-3.158254609896106e-7
-7.319282657820619e-6	5.391606612836573e-6	4.947430797371127e-6	4.698655581066559e-6	-7.711139345137918e-7	2.3425007560473118e-7	-2.346364444802795e-6	3.1470931005047414e-7
7.390732547085533e-6	-5.437849357832848e-6	-4.9973157511464025e-6	-4.740763032361667e-6	7.83837192479403e-7	-2.413418241967564e-7	2.3668873618927663e-6	-3.135757029300463e-7
-7.4636319593753995e-6	5.4849976879803904e-6	5.04814561911824e-6	4.783635282932525e-6	-7.967835521480636e-7	2.485528639718456e-7	-2.3877369485161673e-6	3.124242211229802e-7
7.538026300700612e-6	-5.5330789782610236e-6	-5.099948018417308e-6	-4.827293766716033e-6	8.099590486579957e-7	-2.558862880830843e-7	2.40892122742944e-6	-3.112544279265339e-7
-7.613962922678202e-6	5.582121730349612e-6	5.152751664214665e-6	4.871760727353449e-6	-8.233699359811314e-7	2.633453019067303e-7	-2.4304484863195724e-6	3.1006587685899553e-7
7.691491218210064e-6	-5.632155629724793e-6	-5.206586428777458e-6	-4.917059261864258e-6	8.370227016503675e-7	-2.7093322110997785e-7	2.452327287997631e-6	-3.088581036676007e-7
-7.770662726333777e-6	5.683211605886073e-6	5.261483391885901e-6	4.963213370466395e-6	-8.509240766168231e-7	2.7865348150532387e-7	-2.4745664913724456e-6	3.0763062936743094e-7
7.851531269406622e-6	-5.735321904858509e-6	-5.317474905557047e-6	-5.010247987108275e-6	8.650810410062508e-7	-2.865096438207712e-7	2.497175250936997e-6	-3.0638295978021317e-7
-7.93415306651032e-6	5.788520158447125e-6	5.374594665893277e-6	5.058189033685387e-6	-8.795008478270791e-7	2.945053970277372e-7	-2.5201630377858497e-6	3.051145824723985e-7
8.018586875960274e-6	-5.842841454956999e-6	-5.432877779444687e-6	-5.107063472913035e-6	8.941910260249183e-7	-3.026445664584182e-7	2.5435396567927103e-6	-3.038249685064148e-7
-8.104894142426882e-6	5.898322427628091e-6	5.492360835441092e-6	5.156899356406973e-6	-9.091593935926521e-7	3.1093112064439755e-7	-2.567315248514579e-6	3.025135700592763e-7
8.193139152209767e-6	-5.955001338039352e-6	-5.553081994370517e-6	-5.2077258772656286e-6	9.244140837549885e-7	-3.193691764001993e-7	2.5915003160989444e-6	-3.011798211093397e-7
-8.283389201267159e-6	6.012918165819278e-6	5.6150810671223944e-6	5.259573439753649e-6	-9.399635480030549e-7	3.27963004562775e-7	-2.616105740372105e-6	2.998231339242197e-7
8.375714774704953e-6	-6.072114710782664e-6	-5.678399606544199e-6	-5.312473717956873e-6	9.558165743440186e-7	-3.367170437133048e-7	2.6411427872264973e-6	-2.984429021483527e-7
-8.470189743995666e-6	6.132634700045883e-6	5.74308100900494e-6	5.366459715159225e-6	-9.71982311835937e-7	3.4563590138199325e-7	-2.666623135827946e-6	2.9703849625556965e-7
8.566891568108535e-6	-6.19452389510335e-6	-5.809170614375286e-6	-5.421565852161371e-6	9.88470283774112e-7	-3.547243625389732e-7	2.6925588967908465e-6	-2.956092633804061e-7
-8.665901522676482e-6	6.257830218460908e-6	5.876715819275403e-6	5.477828031513606e-6	-1.005290404009069e-6	3.6398740702033576e-7	-2.7189626228388166e-6	2.941545294173137e-7
8.76730493895359e-6	-6.322603886113225e-6	-5.945766194903101e-6	-5.535283719316197e-6	1.0224530039969036e-6	-3.7343020953796645e-7	2.745847339945251e-6	-2.926735921226552e-7
-8.87119146095425e-6	6.388897537474707e-6	6.0163736181122475e-6	5.59397204368046e-6	-1.039968854643137e-6	3.830581508548124e-7	-2.7732265689048842e-6	2.911657253637833e-7
8.977655324361093e-6	-6.456766397443621e-6	-6.088592402383137e-6	-5.653933874200864e-6	1.0578491830787358e-6	-3.9287683596805793e-7	2.8011143394163406e-6	-2.896301754565648e-7
-9.086795664840596e-6	6.526268432464723e-6	6.162479448268183e-6	5.715211929235301e-6	-1.0761057051978256e-6	4.028920985238788e-7	-2.8295252265197907e-6	2.880661588856313e-7
9.198716836355796e-6	-6.597464522771274e-6	-6.23809440419104e-6	-5.777850884005246e-6	1.0947506503286882e-6	-4.131100116280171e-7	2.858474373480981e-6	-2.8647286367636783e-7
-9.31352875950377e-6	6.670418655600294e-6	6.31549982513873e-6	5.841897478316582e-6	-1.1137967870327763e-6	4.235369083209847e-7	-2.8879775141263723e-6	2.848494450000175e-7
9.43134732636084e-6	-6.7451981255136595e-6	-6.394761367079295e-6	-5.907400643870432e-6	1.1332574577500095e-6	-4.341793891869283e-7	2.9180510112179174e-6	-2.8319502682644476e-7
-9.55229478281944e-6	6.821873752935504e-6	6.47594797586143e-6	5.974411634813763e-6	-1.1531466087756697e-6	4.45044336547781e-7	-2.9487118827941797e-6	2.8150869628675916e-7
9.676500194966572e-6	-6.900520118109313e-6	-6.559132097943258e-6	-6.042984167732704e-6	1.1734788273154997e-6	-4.561389354391816e-7	2.9799778374681985e-6	-2.7978950521607514e-7
-9.804099953792713e-6	6.981215830190506e-6	6.644389913456714e-6	6.113174571386427e-6	-1.1942693760379403e-6	4.674706841153388e-7	-3.0118673097905263e-6	2.7803646900708275e-7
9.935238261281917e-6	-7.064043786367973e-6	-6.731801577390543e-6	-6.185041954318865e-6	1.2155342370333547e-6	-4.790474157058131e-7	3.0443994966194452e-6	-2.7624855917346744e-7
-1.0070067756858425e-5	7.14909148441373e-6	6.821451490179059e-6	6.258648375059305e-6	-1.2372901529856406e-6	4.908773156327011e-7	-3.0775944021337213e-6	2.7442470735250866e-7
1.0208750131846233e-5	-7.23645136140994e-6	-6.913428577698996e-6	-6.334059032726054e-6	1.2595546703783369e-6	-5.029689415378032e-7	3.1114728750881577e-6	-2.7256380127661806e-7
-1.035145679488321e-5	7.3262211178765255e-6	7.007826617563214e-6	6.411342472521732e-6	-1.2823461976275338e-6	5.153312474477633e-7	-3.1460566567985604e-6	2.7066468043795023e-7
1.049836967964033e-5	-7.418504140075514e-6	-7.1047445631498595e-6	-6.490570801550345e-6	1.305684048926736e-6	-5.279736018511214e-7	3.1813684325215122e-6	-2.687261345754749e-7
-1.0649682020463164e-5	7.513409911146689e-6	7.2042869128359594e-6	6.571819931403149e-6	-1.3295885071901876e-6	5.409058194943022e-7	-3.2174318796315766e-6	2.667469032530414e-7
1.0805599288090482e-5	-7.611054455041786e-6	-7.3065641301681875e-6	-6.655169828237717e-6	1.354080887750889e-6	-5.541381827293624e-7	3.2542717236990295e-6	-2.647256711036207e-7
-1.0966340196267576e-5	7.71156087782799e-6	7.411693043462905e-6	6.740704800856069e-6	-1.379183599599543e-6	5.676814702489361e-7	-3.291913801151819e-6	2.626610614117179e-7
1.1132137754171901e-5	-7.815059888053481e-6	-7.519797349275697e-6	-6.82851379301684e-6	1.4049202218992295e-6	-5.815469943503004e-7	3.3303851194980226e-6	-2.605516414014662e-7
-1.1303240543900392e-5	7.92169042097477e-6	7.631008127803086e-6	6.918690713048476e-6	-1.4313155821628414e-6	5.957466246083255e-7	-3.369713924012848e-6	2.5839591122068504e-7
1.1479914005928866e-5	-8.031600308562073e-6	-7.74546438264012e-6	-7.011334802586426e-6	1.4583958405444629e-6	-6.102928308753552e-7	3.409929776938729e-6	-2.561923002650529e-7
-1.1662441925076412e-5	8.144946987299377e-6	7.863313699639992e-6	7.106550999362557e-6	-1.4861885754206882e-6	6.251987203370956e-7	-3.451063627479035e-6	2.5393917132603735e-7
1.1851128113664999e-5	-8.261898348483738e-6	-7.984712893501723e-6	-7.204450383695361e-6	1.5147228966371197e-6	-6.404780759320648e-7	3.4931478990096624e-6	-2.5163480644874567e-7
-1.204629817384915e-5	8.382633591441028e-6	8.10982876667047e-6	7.30515063162022e-6	-1.5440295407655238e-6	6.561454052877404e-7	-3.536216583291199e-6	2.4927740642759804e-7
1.2248301564105329e-5	-8.507344220688222e-6	-8.238838941742151e-6	-7.408776504440465e-6	1.5741409866757372e-6	-6.722159870044787e-7	3.5803053265090214e-6	-2.468650894773006e-7
-1.2457513857503934e-5	8.636235163540428e-6	8.371932728166257e-6	7.5154604283018354e-6	-1.6050916049248858e-6	6.887059257506467e-7	-3.625451542911603e-6	2.443958804493297e-7
1.2674339248939792e-5	-8.769525940166103e-6	-8.509312163977668e-6	-7.6253430680226704e-6	1.6369177666338667e-6	-7.056322028605115e-7	3.6716945239041713e-6	-2.418677059258544e-7
-1.2899213406589434e-5	8.907452042997865e-6	8.651193089855368e-6	7.738574009431606e-6	-1.6696580139904633e-6	7.230127489540133e-7	-3.7190755533774657e-6	2.3927839290343703e-7
1.3132606637403941e-5	-9.05026643531303e-6	-8.79780635880145e-6	-7.85531248837792e-6	1.7033532334879134e-6	-7.408665028946667e-7	3.7676380450557318e-6	-2.366256580415066e-7
-1.3375027467709678e-5	9.198241214464827e-6	8.949399228001801e-6	7.975728166137954e-6	-1.7380468100839472e-6	7.592134811067632e-7	-3.8174276792998634e-6	2.3390709862691043e-7
1.3627026674227522e-5	-9.351669503754142e-6	-9.106236821999137e-6	-8.100002056599437e-6	1.7737848573682678e-6	-7.78074876401846e-7	3.868492554385354e-6	-2.3112019269543356e-7
-1.388920185000518e-5	9.510867555520867e-6	9.268603821860339e-6	8.228327468917224e-6	-1.8106164175881655e-6	7.974731195792276e-7	-3.92088335005644e-6	2.2826228336871236e-7
1.4162202584444435e-5	-9.676177116236115e-6	-9.436806346611429e-6	-8.360911089223115e-6	1.8485937037924816e-6	-8.174319894676835e-7	3.974653511374056e-6	-2.253305719497239e-7
-1.4446736338812593e-5	9.8479680931029e-6	9.611174019898687e-6	8.497974211800827e-6	-1.887772379966703e-6	8.379767219987657e-7	-4.0298594335068305e-6	2.22322112043451e-7
1.4743575182944879e-5	-1.0026641583459337e-5	-9.792062325445435e-6	-8.63975402876308e-6	1.9282118255812218e-6	-8.591341013001338e-7	4.086560673520594e-6	-2.1923379419942407e-7
-1.5053563478475601e-5	1.0212633278011692e-5	9.979855241430734e-6	8.786505132226881e-6	-1.9699754884505963e-6	8.809326116815644e-7	-4.144820188581612e-6	2.1606233715089188e-7
1.5377626698040226e-5	-1.040641734866204e-5	-1.0174968198062106e-5	-8.9385011751979e-6	2.0131312263584523e-6	-9.03402554047429e-7	4.204704564500282e-6	-2.1280427494960405e-7
-1.5716781631359758e-5	1.0608510888019617e-5	1.0377851424696116e-5	9.096036696136534e-6	-2.057751695838117e-6	9.265762022932821e-7	-4.2662843034964134e-6	2.0945594648209561e-7
1.6072148137159015e-5	-1.0819478951349268e-5	-1.0588993751952317e-5	-9.259429202373499e-6	2.103914818929619e-6	-9.504879829132605e-7	4.329634116408178e-6	-2.0601347441249753e-7
-1.6444962807459912e-5	1.1039940373410784e-5	1.0808926906165009e-5	9.429021494507543e-6	-2.1517042475912382e-6	9.751746268561498e-7	-4.394833232031125e-6	2.024727554013858e-7
1.683659492801956e-5	-1.127057445252112e-5	-1.1038230409229937e-5	-9.605184273480335e-6	2.20120992314253e-6	-1.0006754060027685e-6	4.461965773336672e-6	-1.9882944549837027e-7
-1.7248565107931175e-5	1.151212865806457e-5	1.1277537194160829e-5	9.788319091624924e-6	-2.252528692422769e-6	1.027032343073921e-6	-4.531121122945759e-6	1.9507892714761388e-7
1.768256722392792e-5	-1.1765427581637496e-5	-1.1527540006251258e-5	-9.978861701658814e-6	2.3057649844947643e-6	-1.0542904448442569e-6	4.602394360833497e-6	-1.9121630761258822e-7
-1.8140494361055004e-5	1.2031383358352435e-5	1.1788998786281955e-5	1.0177285833349266e-5	-2.361031587842775e-6	1.082498012675974e-6	-4.675886736200579e-6	1.872363858463214e-7
1.862446957938612e-5	-1.2311007831996917e-5	-1.2062749194723984e-5	-1.0384107502950641e-5	2.418450517178888e-6	-1.1117069247125726e-6	4.751706159465973e-6	-1.8313362179103823e-7
-1.9136882680267587e-5	1.2605426843088189e-5	1.2349712462672238e-5	1.0599889945994439e-5	-2.4781539958905378e-6	1.1419729839424978e-6	-4.829967803957679e-6	1.7890212872152176e-7
1.968043436050574e-5	-1.2915897105098948e-5	-1.2650906860140964e-5	-1.0825249231884116e-5	2.5402855586876395e-6	-1.1733563176286392e-6	4.9107947106250495e-6	-1.7453562147916249e-7
-2.0258189522962653e-5	1.3243826166558546e-5	1.2967461093171843e-5	1.1060860741031307e-5	-2.6050013208396775e-6	1.2059217954361793e-6	-4.994318480738149e-6	1.7002739782744153e-7
2.0873642120210666e-5	-1.3590796223882188e-5	-1.3300629997410954e-5	-1.1307466626941673e-5	2.6724714085439437e-6	-1.2397395196075658e-6	5.0806800750051925e-6	-1.6537030081949562e-7
-2.153079454486958e-5	1.3958592668783849e-5	1.3651813026155547e-5	1.1565884433383921e-5	-2.7428815904643273e-6	1.274885377271803e-6	-5.170030638607969e-6	1.6055666522018608e-7
2.2234255550520968e-5	-1.4349238451136465e-5	-1.4022576161267116e-5	-1.1837017121163542e-5	2.8164351669721814e-6	-1.3114416570064538e-6	5.262532472941587e-6	-1.5557829737649634e-7
-2.2989361974929773e-5	1.4765035795332444e-5	1.4414677953619458e-5	1.2121864753979285e-5	-2.893355117376484e-6	1.3494977463921295e-6	-5.358360107497367e-6	1.5042640188250727e-7
2.3802331379379646e-5	-1.520861713594269e-5	-1.483010068394122e-5	-1.2421538181775005e-5	2.9738865883832452e-6	-1.3891509372829865e-6	5.4577014736189795e-6	-1.4509153498413517e-7
-2.468045527126296e-5	1.568300775105465e-5	1.5271087890471295e-5	1.273727513676739e-5	-3.0582997804930545e-6	1.4305073320714811e-6	-5.5607592573931055e-6	1.395635558552659e-7
2.5632345999447522e-5	-1.6191703397812738e-5	-1.5740189774454108e-5	-1.3070459273653461e-5	3.146893292105227e-6	-1.4736828755920517e-6	5.667752395896058e-6	-1.3383153377326244e-7
-2.6668255863196152e-5	1.6738767343973923e-5	1.6240318552829047e-5	1.342264277695925e-5	-3.239998023867755e-6	1.518804559016834e-6	-5.778917765759156e-6	1.2788369028363078e-7
2.780049441002821e-5	-1.7328952746734087e-5	-1.6774816429426068e-5	-1.3795573362336073e-5	3.3379817630640976e-6	-1.566011783608732e-6	5.894512098842921e-6	-1.217073096774307e-7
-2.9043981120884405e-5	1.7967858434548735e-5	1.7347539652557428e-5	1.4191226739785312e-5	-3.441254577030237e-6	1.615457941614857e-6	-6.01481414437878e-6	1.1528863338681713e-7
3.041698812313563e-5	-1.866212939130087e-5	-1.796296332783985e-5	-1.4611845823665825e-5	3.550275182020262e-6	-1.6673122620042596e-6	6.1401271244789256e-6	-1.0861276083604375e-7
-3.1942153944289005e-5	1.941971772022929e-5	1.862631329629433e-5	1.5059988436846343e-5	-3.665558540128925e-6	1.7217619398583428e-6	-6.270781531785759e-6	1.016635222027413e-7
3.364789162150386e-5	-2.0250226510403916e-5	-1.93437336375876e-5	-1.5538585771207526e-5	3.7876849292149715e-6	-1.7790146321684367e-6	6.407138330874348e-6	-9.442333708302101e-8
-3.557038316533228e-5	2.1165369327920458e-5	2.0122501577547635e-5	1.605101451829101e-5	-3.9173108363270755e-6	1.839301395214432e-6	-6.549592615215338e-6	8.687305628535144e-8
3.7756467100296446e-5	-2.2179593492364993e-5	-2.097130638146434e-5	-1.6601186598332705e-5	4.0551821678103115e-6	-1.902880138043844e-6	6.698577821814633e-6	-7.899178445025984e-8
-4.0267924224567544e-5	2.3310939733436048e-5	2.190061574082775e-5	1.719366176853938e-5	-4.2021503200409926e-6	1.9700397123456316e-6	-6.854570597045846e-6	7.075666730332955e-8
4.318802175529191e-5	-2.458225027126206e-5	-2.2923163524801058e-5	-1.783379024824149e-5	4.359191874772299e-6	-2.041104799549686e-6	7.018096420727257e-6	-6.214265581322994e-8
-4.663183859223063e-5	2.602290228743272e-5	2.4054608819451867e-5	1.8527895154715513e-5	-4.52743296114452e-6	2.1164417532590734e-6	-7.189736156671838e-6	5.312223828298569e-8
5.0763191288692834e-5	-2.7671354573922022e-5	-2.5314441073690896e-5	-1.928350847664023e-5	4.708179595157455e-6	-2.196465628271693e-6	7.3701337005685275e-6	-4.3665116569101576e-8
-5.5823663677126376e-5	2.9578990466469347e-5	2.672724599783309e-5	2.01096799595555e-5	-4.9029557761865226e-6	2.2816487265450007e-6	-7.56000494360328e-6	3.3737845379745855e-8
6.218517648334701e-5	-3.1816097999874574e-5	-2.832451241531621e-5	-2.1017386679141417e-5	5.11355181917366e-6	-2.3725310122696224e-6	7.760148333594214e-6	-2.330340922797179e-8
-7.045174221063972e-5	3.4481513792767965e-5	3.014727107418345e-5	2.202008403703969e-5	-5.342086287963001e-6	2.4697329000069022e-6	-7.971457386118214e-6	1.2320721145688752e-8
8.167359718170296e-5	-3.7718840137914404e-5	-3.225005017056423e-5	-2.313445886602078e-5	5.59108618364449e-6	-2.5739711183613268e-6	8.194935565976659e-6	-7.440423011832121e-10
-9.784928054508216e-5	4.174510883829562e-5	3.470698438565957e-5	2.4381477017217395e-5	-5.863592072697697e-6	2.6860785096909475e-6	-8.431714086520766e-6	-1.1477700087902401e-8
0.00012328722690236425	-4.6904593484284215e-5	-3.762158208814757e-5	-2.578786959625879e-5	6.1632977441415835e-6	-2.8070289581344053e-6	8.683073351474307e-6	2.440172804884858e-8
-0.00016914545765491865	5.37776372957004e-5	4.1142987769271975e-5	2.7388288754365067e-5	-6.49473836468721e-6	2.937969104093597e-6	-8.950468907837462e-6	-3.809237941440784e-8
0.00027422773152581365	-6.342242094791974e-5	-4.549439777216621e-5	-2.922851412448498e-5	6.863548089732356e-6	-3.080259110124598e-6	9.235563075164664e-6	5.262225350490054e-8
-0.0006725478118190457	7.798163653659795e-5	5.102569718676677e-5	3.1370360856838456e-5	-7.276819074942029e-6	3.235525610084463e-6	-9.540263801588177e-6	-6.807360556014292e-8
-0.004654000693326411	-0.00010247266471331501	-5.831825738258522e-5	-3.3899445526840716e-5	7.743611715268133e-6	-3.405731362288355e-6	9.866772722018782e-6	8.454002440659778e-8
-0.019394944129316877	0.0001513354333451681	6.841356788431124e-5	3.6937959267186744e-5	-8.27569610082484e-6	3.5932681378116497e-6	-1.0217645083326143e-5	-1.0212846367054647e-7
-0.07077196372089276	-0.00027649049575464784	-8.337556416170175e-5	-4.0666662952294156e-5	8.888656867050099e-6	-3.801082358311484e-6	1.0595865167448489e-5	1.2096175088839678e-7
-0.19289746982175746	-0.0034217044016389606	0.00010792048640947663	4.536491344274769e-5	-9.603587337649994e-6	4.032847871069484e-6	-1.100494210318457e-5	-1.4118167283149506e-7
-0.3790807514820327	-0.014066829588659213	-0.0001554174294682294	-5.148861330781785e-5	1.0449774464860365e-5	-4.293207873489048e-6	1.1449032813737457e-5	1.629527998943766e-7
-0.46529709158144	-0.053498899437463325	0.0002803316755200572	5.983553718965696e-5	-1.1469120879504624e-5	4.58812052815927e-6	-1.1933101612158912e-5	-1.8646729739644227e-7
-0.12822660585088622	-0.15244024868414507	-0.0009536913293468955	-7.193703899663827e-5	1.2723766094592893e-5	-4.925364057460962e-6	1.2463129912196874e-5	2.1195100716334555e-7
0.7564677055236309	-0.3165736164418984	-0.004780226801126831	9.113594522587904e-5	-1.4309955591487219e-5	5.315294097663908e-6	-1.3046395477152015e-5	-2.3967119247603613e-7
1.6240832966960856	-0.4249732044081364	-0.02008435610109511	-0.00012626010703606228	1.638501240318863e-5	-5.7720130873225075e-6	1.3691849849007771e-5	2.699465358291458e-7
1.4913291679075111	-0.19626282177867851	-0.06957636391664707	0.0002090873560443295	-1.9224321115733638e-5	6.3152379022437496e-6	-1.4410636886042356e-5	-3.031601837721072e-7
0.13975807579218782	0.5420922345592487	-0.17969867837339187	-0.0005470850968281103	2.335523015083011e-5	-6.973402591201604e-6	1.521681822811172e-5	3.397769359445564e-7
-1.3347188008457365	1.3850048244564608	-0.3294352155971459	-0.003462895933351754	-2.991951609047256e-5	7.789058513827143e-6	-1.612840919375521e-5	-3.803662250158115e-7
-1.6939356587456518	1.4443609987337498	-0.3577446123535341	-0.014470699955101841	4.186873522403799e-5	-8.828812318778868e-6	1.7168892334658065e-5	4.2563329391781596e-7
-0.9290564581292339	0.3517524648508922	-0.0029329137515011427	-0.05224082673996275	-6.926100237914366e-5	1.0202904834341222e-5	-1.8369487399471308e-5	-4.764621170457001e-7
0.013366407910462482	-1.0493242301963945	0.7569949870202316	-0.14080803477288809	0.00016786069481342124	-1.2107210181840644e-5	1.9772659220159044e-5	5.339755499623262e-7
0.44738089754858457	-1.5592796062051675	1.3638242452420575	-0.2728182197213821	-0.0013214163498262374	1.4923735064391428e-5	-2.1437730020051227e-5	-5.996212775698471e-7
0.40802848034138595	-0.9763652947034015	1.060932478435067	-0.32691825758584586	-0.005490110104749859	-1.9498770359160935e-5	2.3450231500865635e-5	6.75297251310568e-7
0.2214126638360987	-0.09442550631699086	-0.12981929890344096	-0.07337268564422686	-0.022632362705033236	2.8086274576800592e-5	-2.593826172960423e-5	-7.63539246093481e-7
0.0853880641210655	0.37831683856973586	-1.2064213410478033	0.5624556371264811	-0.0721344524031933	-4.8687066544023225e-5	2.910281989555543e-5	8.678090761344515e-7
0.02455441540617253	0.38900672751183696	-1.2989670758493315	1.1613873488135593	-0.17054422633125274	0.0001284730680551424	-3.3278289123536956e-5	-9.92951471216611e-7
0.0058448340224765425	0.2245432804305423	-0.5966816695795868	1.0316983439995182	-0.2773130930974043	-0.0012199574949158143	3.9064633373935545e-5	1.1459447727349558e-6
0.0011474084126971578	0.09070191002338203	0.10965385903640563	0.05425429443946962	-0.2347196263176968	-0.005025069025039656	-4.7653334834778996e-5	-1.3371870429802681e-6
-0.0003462659342045203	0.02726596800850455	0.37441491413338873	-0.9709155166892514	0.141802026224135	-0.020601786814497036	6.177528826986052e-5	1.5828107177552941e-6
0.00019361488617080394	0.0065159326594924445	0.30255368929977405	-1.188528034789202	0.7544578153251857	-0.06494759488979798	-8.92080521812679e-5	-1.909101600799297e-6
-0.00013496027869233226	0.0014714397222155534	0.1532052654811175	-0.629456509583907	1.0689165613493188	-0.15171187345936277	0.00016189578921931946	2.361564892835387e-6
0.0001044855913204524	-0.00031248918389742934	0.05599216517878967	0.02880874630936529	0.600596255283519	-0.24254277361049004	-0.0005612839617171361	-3.025271659226002e-6
-8.584921015549398e-5	0.0001557844797869582	0.015287959355954787	0.31998748713818587	-0.3841788333223649	-0.1971180612029461	-0.0027829805619302215	4.076091506215605e-6
7.324814191479276e-5	-0.0001031359093126942	0.003672329112437939	0.28406232773862317	-1.0338269049435391	0.1409962302722439	-0.011693221488859368	-5.93102743934827e-6
-6.413199181594343e-5	7.761953688247092e-5	0.000512611572253042	0.15187245208990038	-0.8817212394600255	0.672619068521119	-0.0403984268201699	9.794401062100949e-6
5.7209949132366404e-5	-6.265043137224587e-5	-0.00021378410300820118	0.05790834164651168	-0.2803936618278214	0.9248226152056239	-0.10404753982917912	-2.0391813328560962e-5
-5.175988077207374e-5	5.280182023042354e-5	0.0001328408580138741	0.016470307102431466	0.1789516640006777	0.49290604289418927	-0.19004464362350668	6.960706350276908e-5
4.734645234988489e-5	-4.581259807380016e-5	-9.715587147969017e-5	0.003923670565218724	0.2888921342560212	-0.36402327718104655	-0.2049635523741416	-0.0010007962685360324
-4.369158638340813e-5	4.0580470867083633e-5	7.725772285480695e-5	0.000731437698208541	0.19909130950114715	-0.9039706482701844	0.0015021424205814812	-0.004084923624682091
4.060926368936864e-5	-3.6505646585343884e-5	-6.456533126063717e-5	-0.00023737037696986498	0.09111678362786353	-0.7484467167480433	0.43947925254464565	-0.016572795527223984
-3.7970268152813225e-5	3.323418871584769e-5	5.574195266927779e-5	0.00013589137964547707	0.0306469951113561	-0.22350792850750384	0.7851879848967894	-0.05130555138104882
3.56819826172251e-5	-3.0543817846918974e-5	-4.923282836388786e-5	-9.573527606590321e-5	0.0077733040111265805	0.1639635060776139	0.605265190978303	-0.11743752802241059
-3.367624046227338e-5	2.8287878980228902e-5	4.421838897975994e-5	7.455358236627146e-5	0.0019106515588213952	0.2494718286598138	-0.08172745668237341	-0.1824016855106152
3.190171983240249e-5	-2.6365659646065566e-5	-4.022620951111891e-5	-6.1482887185122e-5	1.4132625851540588e-5	0.16871200066088346	-0.6968652217640783	-0.13776409865121014
-3.031901488675451e-5	2.470566644553635e-5	3.696488780525386e-5	5.259258076398707e-5	-3.191188015822761e-5	0.07623841994253494	-0.7443711117280941	0.12751133079677007
2.889734533459381e-5	-2.3255712187059293e-5	-3.424488141682419e-5	-4.613410545515181e-5	2.6877525042751823e-5	0.025364884165164976	-0.3385553191903048	0.5216373481934559
-2.7612301947195223e-5	2.1976784881726284e-5	3.193751982523596e-5	4.1214956588243745e-5	-2.2380581168506663e-5	0.006380062223799482	0.06569822513012114	0.6826228446688606
2.6444266119935045e-5	-2.0839116261098833e-5	-2.9952330690359763e-5	-3.733270642762801e-5	1.9119889417073124e-5	0.0015696146965520387	0.21547237242697276	0.33060238018760274
-2.537727929063813e-5	1.98195810967961e-5	2.8223800751072194e-5	3.418301606705494e-5	-1.6727571769263186e-5	-2.0141942972016968e-5	0.17312523514431025	-0.3076657284567552
2.439821938328021e-5	-1.8899929642448816e-5	-2.6703289941044716e-5	-3.157074588270971e-5	1.4913218093436895e-5	-1.2040191550689395e-5	0.08736565156530514	-0.6789186196122351
-2.3496190976760373e-5	1.8065557395434846e-5	2.5353901350302626e-5	2.936495590014188e-5	-1.3492928044302372e-5	1.325751977497864e-5	0.031842778188992255	-0.5351377927537948
2.2662067156183505e-5	-1.7304630673843084e-5	-2.4147118634041492e-5	-2.7474458436385216e-5	1.2350743965916896e-5	-1.1975994192998616e-5	0.00867174589371163	-0.14219202367770767
-2.1888140597980982e-5	1.660745328237359e-5	2.3060538741776382e-5	2.583375355163662e-5	-1.141137324682651e-5	1.0646157005681916e-5	0.0020846332820177818	0.13187221924449777
2.1167854564631497e-5	-1.596599999840969e-5	-2.2076304847823685e-5	-2.439454487698493e-5	1.062423409915525e-5	-9.539224435949671e-6	0.00028360855912036304	0.18363979316864268
-2.0495593285941618e-5	1.537356773841249e-5	2.117999931238292e-5	2.312041325630742e-5	-9.95423576812396e-6	8.643361822439284e-6	-0.000120184128674977	0.1204628853302343
1.986651682267313e-5	-1.4824511026904211e-5	-2.0359846292821625e-5	-2.1983356934826303e-5	9.376324252974124e-6	-7.913718907044623e-6	7.507104470603537e-5	0.05331288300294443
-1.9276429770432912e-5	1.4314038878181887e-5	1.960612727999743e-5	2.0961477018675748e-5	-8.872152887545808e-6	7.31107792651065e-6	-5.5037416230040934e-5	0.01741899443855664
1.8721675965312427e-5	-1.3838057071719145e-5	-1.891074592331882e-5	-2.003738874167117e-5	8.427984639309687e-6	-6.805853285264006e-6	4.382501042273408e-5	0.004325363149024159
-1.8199053338633403e-5	1.3393044323201443e-5	1.8266899418276162e-5	1.9197105961665595e-5	-8.033330717982956e-6	6.376355785156345e-6	-3.665712142195203e-5	0.0010628372165914723
1.770574454010698e-5	-1.2975954138815673e-5	-1.7668827099355748e-5	-1.8429242037816566e-5	7.680042837013165e-6	-6.00664897427687e-6	3.166694219275768e-5	-5.033526839177737e-5
-1.723925999434944e-5	1.2584136323417597e-5	1.7111615805609145e-5	1.7724426944191093e-5	-7.361693009834052e-6	5.684880965796942e-6	-2.7981832332987596e-5	9.513303208849152e-6
1.6797390893836287e-5	-1.2215273689387435e-5	-1.6591047597464162e-5	-1.7074875184947418e-5	7.073140405120258e-6	-5.402104011978419e-6	2.5140767902250295e-5	-2.376218830300608e-6
-1.6378170120299197e-5	1.1867330609980642e-5	1.6103479392924905e-5	1.6474060813374185e-5	-6.810222775204696e-6	5.151457856234596e-6	-2.2877567495636832e-5	2.8037230402272135e-7
1.5979839554595533e-5	-1.1538510884956729e-5	-1.5645746938323886e-5	-1.59164697005207e-5	6.569532650507779e-6	-4.927604198941722e-6	2.1027840225550462e-5	5.156482006902298e-7
-1.560082263588383e-5	1.1227223053136663e-5	1.5215087554474744e-5	1.5397408392100944e-5	-6.348252386171808e-6	4.726331131336653e-6	-1.9484553110563595e-5	-8.624345650064261e-7
1.5239701162347195e-5	-1.0932051594217337e-5	-1.4809077507175737e-5	-1.4912855010623587e-5	6.144030760868586e-6	-4.544272751804227e-6	1.817498929531124e-5	1.023496658427091e-6
-1.489519557153169e-5	1.065173289462452e-5	1.4425580827738373e-5	1.4459341736790435e-5	-5.954889390269201e-6	4.378707539111836e-6	-1.7047985693353936e-5	-1.098247443665651e-6
1.456614816916687e-5	-1.0385135115885861e-5	-1.4062707201056837e-5	-1.4033861296970266e-5	5.779150909647658e-6	-4.227411261750298e-6	1.6066473429194046e-5	1.1296153053195884e-6
-1.4251508730580346e-5	1.0131241185705549e-5	1.3718777133475406e-5	1.3633791917711875e-5	-5.615383217492404e-6	4.08854816278729e-6	-1.5202917938216726e-5	-1.138027081146405e-6
1.395032210712089e-5	-9.88913438704041e-6	-1.3392292919907342e-5	-1.3256836619792527e-5	5.4623557085730875e-6	-3.960589411993211e-6	1.4436423864608153e-5	1.1339268154492242e-6
-1.3661717566535483e-5	9.657986098083393e-6	1.3081914314253678e-5	1.2900973710039891e-5	-5.319004622481382e-6	3.842251229231142e-6	-1.3750836221088946e-5	-1.1229506130911829e-6
1.3384899514051499e-5	-9.437045297452893e-6	-1.2786438067779872e-5	-1.2564416135219672e-5	5.184405357939268e-6	-3.732447361700044e-6	1.3133459373822533e-5	1.1082654111901312e-6
-1.3119139431840415e-5	9.225629542412772e-6	1.2504780592510122e-5	1.2245577915076572e-5	-5.057750140383008e-6	3.630252231854815e-6	-1.2574171226569348e-5	-1.091703676090828e-6
1.2863768864938014e-5	-9.023117202947065e-6	-1.2235963213958356e-5	-1.1943046208796588e-5	4.938329886633545e-6	-3.53487204985331e-6	1.2064797180747502e-5	1.0743465001824006e-6
-1.2618173251544674e-5	8.828940738928667e-6	1.1979099586240611e-5	1.1655557958249643e-5	-4.8255193892024855e-6	3.445621939516755e-6	-1.1598659036445106e-5	-1.0568377705883645e-6
1.2381786522749923e-5	-8.642580837627854e-6	-1.1733384893362253e-5	-1.1381980259982959e-5	4.718765098477308e-6	-3.3619076951982405e-6	1.1170244241413737e-5	1.0395602271799286e-6
-1.2154086343628903e-5	8.46356133574797e-6	1.1498086532719359e-5	1.1121293763276624e-5	-4.617574988059588e-6	3.283211108245167e-6	-1.0774959545549976e-5	-1.0227374238501736e-6
1.1934589905364895e-5	-8.29144475973459e-6	-1.1272536075972944e-5	-1.0872578573422179e-5	4.521510130212181e-6	-3.209078054823381e-6	1.0408944928807436e-5	1.0064944438263343e-6
-1.1722850205492176e-5	8.125828405468322e-6	1.1056122294142568e-5	1.063500222658634e-5	-4.430177616423372e-6	3.1391087635374533e-6	-1.0068931213522348e-5	-9.908948927373947e-7
1.1518452731549597e-5	-7.966340914704903e-6	-1.0848285059380935e-5	-1.0407809390927432e-5	4.343224584578935e-6	-3.0729498336577504e-6	9.752129799848035e-6	9.75963866049234e-7
-1.1321012539582366e-5	7.812639232445279e-6	1.0648510045835828e-5	1.0190312990623323e-5	-4.260333179182245e-6	3.0102876163810164e-6	-9.456146378283439e-6	-9.6170244888616e-7
1.1130171606419464e-5	-7.6644059197311e-6	-1.0456324073574985e-5	-9.98188655322291e-6	4.181216249172851e-6	-2.9508426972135836e-6	9.178912720480168e-6	9.480969741071004e-7
-1.094559648508116e-5	7.521346773341786e-6	1.0271291003157434e-5	9.781957577941474e-6	-4.105613669670583e-6	2.8943652984184113e-6	-8.918632241186642e-6	-9.351249706065553e-7
1.0766976235336136e-5	-7.383188717004303e-6	-1.009300813608374e-5	-9.590001743305852e-6	4.033289191701551e-6	-2.840631398560489e-6	8.673736202497707e-6	9.22759026308332e-7
-1.0594020475221627e-5	7.249677896054936e-6	9.921103025337365e-6	9.405537879854106e-6	-3.9640277265950394e-6	2.7894394442446403e-6	-8.4428482062743e-6	-9.10969293187325e-7
1.0426457730220375e-5	-7.120577997556221e-6	-9.755230638954377e-6	-9.228123553674311e-6	3.897632988660221e-6	-2.740607569422289e-6	8.224755163818759e-6	8.997250864030313e-7
-1.0264033898277303e-5	6.9956687586133105e-6	9.595070846523452e-6	9.057351177606719e-6	-3.833925455106822e-6	2.6939712176213123e-6	-8.018383416107593e-6	-8.889959109844822e-7
1.0106510819276824e-5	-6.874744570015322e-6	-9.440326196370189e-6	-8.892844606242688e-6	3.7727405952445806e-6	-2.6493810964525833e-6	7.822778975526138e-6	8.787521103514329e-7
-9.953665089889325e-6	6.757613294256123e-6	9.290719892835633e-6	8.734256117395043e-6	-3.713927303321753e-6	2.606701424840742e-6	-7.637091051339364e-6	-8.689652421665418e-7
9.80528687739008e-6	-6.64409516088029e-6	-9.145994015905138e-6	-8.581263730945131e-6	3.657346543884966e-6	-2.565808422854627e-6	7.460558251188353e-6	8.596082843537851e-7
-9.661178903735564e-6	6.534021746935866e-6	9.005907937878188e-6	8.433568837752557e-6	-3.602870154784154e-6	2.5265889873430416e-6	-7.29249696670079e-6	-8.506557443181618e-7
9.521155531516456e-6	-6.427235124173514e-6	-8.8702368392559e-6	-8.290894099838417e-6	3.550379781361271e-6	-2.4889395521213073e-6	7.132291536500234e-6	8.420836827744147e-7
-9.385041860377524e-6	6.323587012592344e-6	8.738770445176763e-6	8.152981542314416e-6	-3.4997659496219195e-6	2.4527650956495266e-6	-6.9793858779235725e-6	-8.338696826819821e-7
9.252673002605112e-6	-6.22293805671797e-6	-8.611311852525104e-6	-8.019590877573531e-6	3.4509272347511414e-6	-2.417978254444672e-6	6.833276341540024e-6	8.259928075315106e-7
-9.123893341146941e-6	6.125157164579702e-6	8.487676438460176e-6	7.890498012317319e-6	-3.4037695248024455e-6	2.3844985632096375e-6	-6.693505583350803e-6	-8.184335311124633e-7
8.998555867094502e-6	-6.030120870696103e-6	-8.367690947042277e-6	-7.765493649771176e-6	3.3582053597248243e-6	-2.3522517794150817e-6	6.559657275943657e-6	8.111736513111215e-7
-8.876521628523429e-6	5.937712817204511e-6	8.251192587858412e-6	7.644382102827511e-6	-3.3141533547704836e-6	2.321169277847734e-6	-6.431351543776804e-6	-8.041962155184432e-7
8.75765913513566e-6	-5.847823217619785e-6	-8.138028252645382e-6	-7.5269801901575714e-6	3.2715376692452754e-6	-2.2911875265352347e-6	6.308241002349889e-6	7.974854353910807e-7
-8.641843877329154e-6	5.7603483942150775e-6	8.028053814968146e-6	7.413116209684212e-6	-3.230287528082283e-6	2.262247618504948e-6	-6.1900072991752184e-6	-7.910266017768953e-7
8.528957876913806e-6	-5.675190380004363e-6	-7.92113343953839e-6	-7.3026290811277005e-6	3.1903368229976538e-6	-2.234294848681503e-6	6.076358100859599e-6	7.848060099370613e-7
-8.418889230269012e-6	5.592256492445732e-6	7.817139022511068e-6	7.195367501640444e-6	-3.1516237035307997e-6	2.20727833776896e-6	-5.967024449138986e-6	-7.788108868518516e-7
8.311531741331299e-6	-5.511458997468691e-6	-7.71594962430749e-6	-7.091189206988879e-6	3.114090246435828e-6	-2.1811507125023336e-6	5.861758434897006e-6	7.730293169546117e-7
-8.206784552625349e-6	5.432714782775338e-6	7.617450959682153e-6	6.989960316029351e-6	-3.077682155918636e-6	2.155867790508782e-6	-5.7603311460292055e-6	-7.674501790989593e-7
8.104551803789154e-6	-5.355945037608811e-6	-7.521534972394485e-6	-6.891554686956954e-6	3.0423484541284067e-6	-2.131388312023836e-6	5.662530860494758e-6	7.6206309084086e-7
-8.004742329754893e-6	5.281074990124465e-6	7.4280993800289295e-6	6.7958533857854064e-6	-3.0080412553407267e-6	2.1076737211135588e-6	-5.5681614375027e-6	-7.568583445048078e-7
7.907269372553533e-6	-5.2080336430092235e-6	-7.33704730311318e-6	-6.702744159264992e-6	2.9747155156937824e-6	-2.0846879138772278e-6	5.477040881959168e-6	7.518268609538152e-7
-7.812050313690152e-6	5.136753535843952e-6	7.248286914841118e-6	6.612120959797938e-6	-2.9423288241303915e-6	2.0623970612736914e-6	-5.389000090482652e-6	-7.469601437535299e-7
7.719006426858191e-6	-5.067170524344385e-6	-7.161731097502992e-6	-6.523883539824821e-6	2.910841225440694e-6	-2.040769440802724e-6	5.303881698194005e-6	7.42250229855072e-7
-7.628062654314308e-6	4.99922358131832e-6	7.077297153496555e-6	6.43793703271407e-6	-2.8802150154473214e-6	2.019775242785368e-6	-5.221539064032895e-6	-7.376896534840363e-7
7.539147387058264e-6	-4.932854603855519e-6	-6.994906519040016e-6	-6.354191604400066e-6	2.850414610366437e-6	-1.99938645670864e-6	5.1418353804438805e-6	7.332714101479387e-7
-7.452192271214957e-6	4.868008236018853e-6	6.914484510405056e-6	6.272562121916951e-6	-2.821406387434045e-6	1.979576721164242e-6	-5.06464282062497e-6	-7.289889211544356e-7
7.367132022767958e-6	-4.8046317164616855e-6	-6.835960080057493e-6	-6.192967837609756e-6	2.793158536377465e-6	-1.960321199107157e-6	4.989841824317213e-6	7.24835998799615e-7
-7.283904254996793e-6	4.742674715476912e-6	6.759265599692379e-6	6.1153321163144455e-6	-2.7656409656302307e-6	1.941596485906807e-6	-4.917320435813773e-6	-7.208068284511053e-7
7.202449317152467e-6	-4.682089200525301e-6	-6.68433665625604e-6	-6.039582167533147e-6	2.7388251635525787e-6	-1.923380481079858e-6	4.846973674810769e-6	7.168959328581879e-7
-7.12271014584714e-6	4.6228293085457205e-6	6.611111852721258e-6	5.965648809579494e-6	-2.7126841000290547e-6	1.9056523197337471e-6	-4.778703024517279e-6	-7.130981453258683e-7
7.0446321288075484e-6	-4.564851216454211e-6	-6.539532643753991e-6	-5.89346624247975e-6	2.687192140829681e-6	-1.888392279480822e-6	4.712415918210311e-6	7.09408606299763e-7
-6.968162961453691e-6	4.508113032243955e-6	6.469543161974049e-6	5.8229718436122215e-6	-2.6623249439933366e-6	1.8715816899195677e-6	-4.648025290348848e-6	-7.058227185384674e-7
6.89325254122888e-6	-4.452574690321596e-6	-6.401090066086217e-6	-5.7541059779506264e-6	2.638059385792314e-6	-1.8552028861198883e-6	4.585449183459435e-6	7.023361416711001e-7
-6.819852843071982e-6	4.398197848332737e-6	6.334122403164871e-6	5.686811815407082e-6	-2.614373484286922e-6	1.8392391219016202e-6	-4.524610352839754e-6	-6.989447826590743e-7
6.74791780539289e-6	-4.3449457950100415e-6	-6.268591469869341e-6	-5.621035170959259e-6	2.5912463284580206e-6	-1.8236745153647311e-6	4.465435948373447e-6	6.95644756451611e-7
-6.677403248082697e-6	4.292783368720294e-6	6.204450691053899e-6	5.556724349481988e-6	-2.5686580100032954e-6	1.8084940004297205e-6	-4.407857193988033e-6	-6.924323958903509e-7
6.608266760117608e-6	-4.241676869558731e-6	-6.141655502955037e-6	-5.4938300018484506e-6	2.5465895688345305e-6	-1.793683264070081e-6	4.351809096174522e-6	6.893042244164154e-7
-6.540467616143075e-6	4.19159398487323e-6	6.080163246729049e-6	5.43230499203691e-6	-2.525022934055213e-6	1.779228706207871e-6	-4.297230202542889e-6	-6.862569425556015e-7
6.473966697091626e-6	-4.1425037222774205e-6	-6.0199330631135566e-6	-5.372104277462584e-6	2.503940868250604e-6	-1.7651173926595412e-6	4.244062344243814e-6	6.832874304482341e-7
-6.408726407076312e-6	4.0943763383165486e-6	5.960925800563697e-6	5.313184786840592e-6	-2.4833269281210133e-6	1.7513370165574964e-6	-4.192250423411091e-6	-6.803927153186376e-7
6.3447105995770425e-6	-4.047183275098415e-6	-5.903103927924455e-6	-5.255505314455349e-6	2.463165410361488e-6	-1.7378758569458904e-6	4.141742215262201e-6	6.77569981075064e-7
-6.28188450612914e-6	4.000897102602849e-6	5.846431443996146e-6	5.1990264259119234e-6	-2.44344131409248e-6	1.7247227470359007e-6	-4.092488173403027e-6	-6.748165529353107e-7
6.220214678415179e-6	-3.9554914682747415e-6	-5.790873806611135e-6	-5.143710350447975e-6	2.4241403027982905e-6	-1.7118670424682808e-6	4.04444126260244e-6	6.721298783437145e-7
-6.159668916557775e-6	3.910941034018456e-6	5.736397858051445e-6	5.089520904100334e-6	-2.4052486640631258e-6	1.699298584484619e-6	-3.997556800144525e-6	-6.695075380670891e-7
6.1002162129526186e-6	-3.867221431294759e-6	-5.682971750381892e-6	-5.0364234058697705e-6	2.386753278785426e-6	-1.6870076812620308e-6	3.951792309267015e-6	6.66947224446031e-7
-6.041826704385812e-6	3.824309225348893e-6	5.630564885070597e-6	4.984384588688027e-6	-2.36864158708018e-6	1.6749850746228362e-6	-3.9071073787928395e-6	-6.644467372065145e-7
5.984471610397987e-6	-3.782181852497878e-6	-5.579147855530989e-6	-4.933372543008388e-6	2.350901560821363e-6	-1.6632219164060434e-6	3.863463544634971e-6	6.620039831101406e-7
-5.928123186624424e-6	3.7408175905174455e-6	5.528692381483471e-6	4.883356639347449e-6	-2.3335216722043607e-6	1.6517097506321928e-6	-3.820824169674814e-6	-6.596169632627294e-7
5.872754683228385e-6	-3.7001955230267757e-6	-5.479171255696347e-6	-4.834307460188358e-6	2.3164908706801707e-6	-1.6404404851904357e-6	3.7791543307916733e-6	6.572837704772331e-7
-5.8183402947350566e-6	3.660295490673761e-6	5.430558304325914e-6	4.78619674990018e-6	-2.299798559271315e-6	1.6294063773993184e-6	-3.7384207288746325e-6	-6.550025834487668e-7
5.764855118772256e-6	-3.62109806609747e-6	-5.382828323926183e-6	-4.738997353269073e-6	2.2834345652287674e-6	-1.6186000127222098e-6	3.698591585873659e-6	6.527716642973747e-7
-5.7122751215293645e-6	3.5825845177684675e-6	5.335957040981009e-6	4.6926831581137905e-6	-2.267389125804954e-6	1.6080142877193757e-6	-3.659636560045046e-6	-6.505893492711451e-7
5.660577094926134e-6	-3.54473677921313e-6	-5.289921077041821e-6	-4.647229048391629e-6	2.2516528664579906e-6	-1.5976423952827941e-6	3.6215266701063703e-6	6.48454048162193e-7
-5.60973862190781e-6	3.5075374179820157e-6	5.244697895421942e-6	4.602610863138778e-6	-2.2362167762692516e-6	1.5874778055953088e-6	-3.5842342112957005e-6	-6.46364242235928e-7
5.5597380470791586e-6	-3.4709696103331257e-6	-5.200265770696896e-6	-4.558805338378007e-6	2.2210721946461683e-6	-1.577514257588324e-6	3.547732690244422e-6	6.443184731514658e-7
-5.510554437508952e-6	3.4350171149946536e-6	5.156603751667998e-6	4.515790073709334e-6	-2.206210797793158e-6	1.5677457399208136e-6	-3.5119967591945666e-6	-6.423153472630163e-7
5.4621675590740024e-6	-3.3996642426057314e-6	-5.113691624680443e-6	-4.473543495623229e-6	2.191624575133684e-6	-1.5581664795013906e-6	3.477002150438776e-6	6.403535302658248e-7
-5.4145578447301794e-6	3.364895841152003e-6	5.071509882676888e-6	4.432044807877241e-6	-2.177305814835543e-6	1.5487709349464339e-6	-3.4427256216554787e-6	-6.384317399291436e-7
5.367706363456326e-6	-3.330697265547509e-6	-5.030039694115058e-6	-4.391273968307236e-6	2.1632471003350562e-6	-1.5395537774829591e-6	3.4091449030661317e-6	6.365487482074291e-7
-5.321594804217046e-6	3.2970543583863148e-6	4.9892628749117535e-6	4.351211648186808e-6	-2.149441283966916e-6	1.5305098830300171e-6	-3.3762386429967407e-6	-6.347033790439565e-7
5.276205437980676e-6	-3.2639534339787283e-6	-4.9491618568447135e-6	-4.311839201399912e-6	2.135881477835863e-6	-1.5216343282483456e-6	3.343986362198959e-6	6.328945002950481e-7
-5.231521105704793e-6	3.2313812510205257e-6	4.909719667773317e-6	4.27313863676687e-6	-2.1225610499736083e-6	1.512922373190418e-6	-3.3123684124527307e-6	-6.311210252806371e-7
5.187525189706193e-6	-3.1993250021780077e-6	-4.8709199004930215e-6	-4.235092586174482e-6	2.1094736011109894e-6	-1.5043694528658789e-6	3.2813659291212845e-6	6.293819141202571e-7
-5.144201590285584e-6	3.1677722907040746e-6	4.8327466912074515e-6	4.197684280897971e-6	-2.09661296137811e-6	1.4959711776725438e-6	-3.250960795797192e-6	-6.276761620572813e-7
5.1015347166244085e-6	-3.136711118087994e-6	-4.795184701075446e-6	-4.160897521286787e-6	2.083973179850105e-6	-1.4877233161796608e-6	3.2211356064254208e-6	6.260028057013129e-7
-5.059509448810913e-6	3.1061298649359283e-6	4.758219086250643e-6	4.1247166595856285e-6	-2.0715485110600007e-6	1.479621789199094e-6	-3.1918736300172424e-6	-6.243609207834059e-7
5.018111139313048e-6	-3.0760172770728014e-6	-4.72183548625078e-6	-4.089126568599516e-6	2.059333410193659e-6	-1.4716626689106383e-6	3.1631587803071206e-6	6.227496132030803e-7
-4.977325580404297e-6	3.0463624551240247e-6	4.6860200000019975e-6	4.05411262473336e-6	-2.047322522193628e-6	1.4638421655611742e-6	-3.1349755786080026e-6	-6.211680258722251e-7
4.9371389929314395e-6	-3.0171548302242396e-6	-4.650759166805502e-6	-4.019660689764565e-6	2.035510674073556e-6	-1.4561566232253836e-6	3.1073091334526594e-6	6.196153335729543e-7
-4.897538014753786e-6	2.9883841660320526e-6	4.616039952301644e-6	3.985757080323689e-6	-2.023892866904872e-6	1.4486025153816098e-6	-3.080145109187201e-6	-6.180907397362242e-7
4.858509671318207e-6	-2.9600405326144687e-6	-4.581849729350444e-6	-3.952388563732118e-6	2.0124642701428237e-6	-1.4411764384751998e-6	3.053469694202211e-6	6.165934773465471e-7
-4.820041382464515e-6	2.93211430093249e-6	4.548176261483209e-6	3.9195423277576085e-6	-2.0012202117969256e-6	1.4338751047333555e-6	-3.027269588561031e-6	-6.151228084497916e-7
4.7821209248728645e-6	-2.9045961347521236e-6	-4.515007689152372e-6	-3.887205968946101e-6	1.99015617364861e-6	-1.426695339769597e-6	3.001531973155244e-6	6.136780210355097e-7
-4.74473643439358e-6	2.877476969147824e-6	4.482332518496343e-6	3.8553674788261014e-6	-1.9792677867693927e-6	1.419634077793366e-6	-2.976244484496032e-6	-6.122584260917361e-7
4.707876394803496e-6	-2.8507480149542563e-6	-4.450139596544425e-6	-3.824015220653136e-6	1.968550819473987e-6	-1.4126883528178064e-6	2.9513952050836975e-6	6.10863362436402e-7
-4.671529605762714e-6	2.824400732746889e-6	4.418418112889413e-6	3.793137924275905e-6	-1.9580011796968035e-6	1.4058553011626675e-6	-2.926972636203988e-6	-6.094921901987045e-7
4.635685196025903e-6	-2.7984268365527484e-6	-4.387157577999678e-6	-3.762724663344469e-6	1.9476149033228205e-6	-1.399132151562623e-6	2.9029656760528595e-6	6.081442906343151e-7
-4.600332601537914e-6	2.7728182823757103e-6	4.356347806526012e-6	3.732764849352376e-6	-1.9373881504503516e-6	1.3925162231496191e-6	-2.879363613505063e-6	-6.068190683581093e-7
4.565461541388828e-6	-2.747567246252194e-6	-4.325978924185237e-6	-3.703248211858886e-6	1.9273172042576436e-6	-1.386004924350522e-6	2.856156103658501e-6	6.05515946519443e-7
-4.531062034093262e-6	2.7226661384408523e-6	4.296041334186197e-6	3.674164793135553e-6	-1.9173984592896743e-6	1.3795957437881474e-6	-2.8333331481353343e-6	-6.042343690561637e-7
4.497124370190758e-6	-2.6981075811402254e-6	-4.266525720159546e-6	-3.6455049323803557e-6	1.907628424950395e-6	-1.3732862537368927e-6	2.8108850932993864e-6	6.02973796943015e-7
-4.46363909683799e-6	2.673884394558657e-6	4.237423040750351e-6	3.6172592507889746e-6	-1.8980037138443016e-6	1.3670740998027138e-6	-2.7888026045937773e-6	-6.017337102904904e-7
4.430597033098005e-6	-2.649989611765837e-6	-4.208724500627979e-6	-3.589418656910257e-6	1.8885210435499827e-6	-1.3609570043115146e-6	2.767076653863871e-6	6.005136064803883e-7
-4.397989235145233e-6	2.626416452193786e-6	4.180421560404089e-6	3.5619743118020763e-6	-1.8791772296511475e-6	1.3549327599640953e-6	-2.7456985165763754e-6	-5.993129971200127e-7
4.3658070024167914e-6	-2.603158317583134e-6	-4.152505924366139e-6	-3.5349176396466495e-6	1.8699691814277233e-6	-1.3489992252065218e-6	2.7246597464704017e-6	5.981314128499333e-7
-4.334041869042537e-6	2.58020879962355e-6	4.124969518324336e-6	3.5082403175513483e-6	-1.8608939028019015e-6	1.343154329042829e-6	-2.7039521719218477e-6	-5.969683967537671e-7
4.302685587510718e-6	-2.5575616539421687e-6	-4.0978044992806714e-6	-3.4819342452572275e-6	1.851948480881063e-6	-1.3373960574940543e-6	2.683567885457325e-6	5.958235070733259e-7
-4.271730133440564e-6	2.5352108095884736e-6	4.0710032399020495e-6	3.455991564983405e-6	-1.8431300937937255e-6	1.3317224631440906e-6	-2.663499227806526e-6	-5.946963173795884e-7
4.241167686747359e-6	-2.5131503570053026e-6	-4.044558317095851e-6	-3.4304046407997013e-6	1.834435996163721e-6	-1.3261316528299527e-6	2.6437387818681158e-6	5.935864123075245e-7
-4.210990633364502e-6	2.491374540690114e-6	4.01846251363237e-6	3.4051660379548056e-6	-1.8258635218865874e-6	1.3206217903294943e-6	-2.6242793645516655e-6	-5.924933912365093e-7
4.181191554409612e-6	-2.4698777616273257e-6	-3.992708802021216e-6	-3.380268540873929e-6	1.8174100876324234e-6	-1.3151910975279763e-6	2.6051140138040225e-6	5.914168649837435e-7
-4.151763221091267e-6	2.448654561904611e-6	3.967290349341187e-6	3.3557051307865693e-6	-1.8090731727769487e-6	1.3098378402421733e-6	-2.5862359795315382e-6	-5.90356456767904e-7
4.122698588186753e-6	-2.4276996302991367e-6	-3.94220049885056e-6	-3.331468972232648e-6	1.8008503336291288e-6	-1.3045603442428517e-6	2.567638724881098e-6	5.89311800371623e-7
-4.093990788701279e-6	2.407007789849259e-6	3.9174327690107435e-6	3.307553427261569e-6	-1.7927391985169183e-6	1.2993569771866877e-6	-2.5493159028585168e-6	-5.882825419057081e-7
4.065633128965884e-6	-2.3865739970833148e-6	-3.892980855456072e-6	-3.2839520310206367e-6	1.7847374504393108e-6	-1.2942261526384371e-6	2.5312613610239267e-6	5.872683371887947e-7
-4.037619080220075e-6	2.366393338311013e-6	3.868838609562289e-6	3.2606584908094145e-6	-1.7768428459792704e-6	1.2891663374283272e-6	-2.5134691340267897e-6	-5.862688515077739e-7
4.009942278762648e-6	-2.3464610221249227e-6	-3.845000046379735e-6	-3.2376666863229135e-6	1.7690532011175126e-6	-1.284176031619601e-6	2.4959334239111774e-6	5.852837628253052e-7
-3.9825965134815596e-6	2.3267723803743963e-6	3.821459334592511e-6	3.2149706555522495e-6	-1.761366384797158e-6	1.279253781446799e-6	-2.4786486130985514e-6	-5.843127542220452e-7
3.9555757293251245e-6	-2.3073228589264584e-6	-3.7982107906919703e-6	-3.192564593928543e-6	1.75378033325387e-6	-1.2743981784731276e-6	2.4616092420936638e-6	5.833555223045787e-7
-3.928874017124083e-6	2.2881080190934245e-6	3.7752488758845e-6	3.170442848664462e-6	-1.746293029810226e-6	1.2696078440031691e-6	-2.4448100082552603e-6	-5.824117695808489e-7
