-4.326124639422653e-6	3.284950349174403e-6	2.8862248950234075e-6	2.822087802889102e-6	-3.6474039910903266e-7	5.566257602093746e-8	-1.408802567624403e-6	2.554505810519329e-7
4.358949752812642e-6	-3.3065126021814186e-6	-2.9098051684295602e-6	-2.842327498914613e-6	3.709399070438372e-7	-5.917249136005395e-8	1.4191652876143668e-6	-2.5487636983932953e-7
-4.392287052157106e-6	3.3284022086752586e-6	2.933734213313565e-6	2.8628567894536852e-6	-3.7722566796966834e-7	6.27296331644896e-8	-1.4296613059264495e-6	2.5429482459199097e-7
4.426148867524789e-6	-3.3506268338244692e-6	-2.9580199917721557e-6	-2.8836820722149865e-6	3.835995311455556e-7	-6.633498191932943e-8	1.4402932746233042e-6	-2.5370579962297523e-7
-4.460547931180042e-6	3.3731943919230315e-6	2.9826707141413593e-6	2.9048099312117847e-6	-3.900634040870735e-7	6.998954984945097e-8	-1.4510639206093758e-6	2.5310914682585e-7
4.495497390014098e-6	-3.396113045733428e-6	-3.0076948398256653e-6	-2.9262471586873132e-6	3.966192532999498e-7	-7.369437264624607e-8	1.4619760382351815e-6	-2.525047135644423e-7
-4.531010831328287e-6	3.419391222137766e-6	3.0331010989218643e-6	2.9480007435308002e-6	-4.032690951540143e-7	7.74505177610993e-8	-1.4730325002125306e-6	2.518923425786617e-7
4.567102291491529e-6	-3.4430376224143933e-6	-3.058898495165815e-6	-2.970077892187082e-6	4.100150121973921e-7	-8.125908656432897e-8	1.4842362615121422e-6	-2.512718736427489e-7
-4.603786282763165e-6	3.46706123113882e-6	3.0850963187539257e-6	2.992486033422844e-6	-4.1685914836404806e-7	8.512120523216961e-8	-1.495590352912651e-6	2.5064314059762376e-7
4.641077810511797e-6	-3.4914713313063344e-6	-3.1117041590541264e-6	-3.0152328237722506e-6	4.238037085724326e-7	-8.90380373985546e-8	1.5070978930809099e-6	-2.500059741415075e-7
-4.678992392678138e-6	3.5162775128212318e-6	3.1387319165352798e-6	3.038326162206502e-6	-4.308509696348205e-7	9.30107829329679e-8	-1.5187620865700376e-6	2.4936019899991687e-7
4.7175460868827056e-6	-3.541489690721187e-6	-3.1661898137387818e-6	-3.061774193927332e-6	4.3800327388901936e-7	-9.704066971074124e-8	1.5305862284239447e-6	-2.487056362779593e-7
-4.756755508885598e-6	3.5671181129575692e-6	3.1940884105279977e-6	3.085585326039663e-6	-4.4526303861173674e-7	1.0112896906977804e-7	-1.5425737086057374e-6	2.4804210094168087e-7
4.796637860811016e-6	-3.593173379355857e-6	-3.2224386189840045e-6	-3.109768231591631e-6	4.5263275507731376e-7	-1.0527698885813607e-7	1.5547280103602125e-6	-2.4736940285359864e-7
-4.8372109574049214e-6	3.6196664563269493e-6	3.2512517135663336e-6	3.1343318674314835e-6	-4.601149922351148e-7	1.0948607215602933e-7	-1.567052721265448e-6	2.4668734840993267e-7
4.878493250226994e-6	-3.646608688616797e-6	-3.280539353607746e-6	-3.159285479904901e-6	4.677124019264092e-7	-1.1375761032323708e-7	1.579551532136866e-6	-2.459957342616244e-7
-4.9205038606432866e-6	3.6740118229686823e-6	3.310313593755272e-6	3.1846386189929976e-6	-4.7542771784783355e-7	1.1809303066769279e-7	-1.5922282379167338e-6	2.4529435557769893e-7
4.963262610267368e-6	-3.7018880204019627e-6	-3.3405869031298513e-6	-3.2104011544497537e-6	4.832637645052439e-7	-1.224938083436641e-7	1.6050867514720699e-6	-2.445830002946507e-7
-5.006790049508406e-6	3.7302498765744725e-6	3.371372185871932e-6	3.2365832805448116e-6	-4.91223454905764e-7	1.2696146457327178e-7	-1.6181310974159163e-6	2.438614466100998e-7
5.051107495827052e-6	-3.75911044305837e-6	-3.402682795401009e-6	-3.2631955406391506e-6	4.993097994531266e-7	-1.3149756539518787e-7	1.6313654202589982e-6	-2.4312947185795445e-7
-5.096237071287104e-6	3.7884832464590557e-6	3.4345325589298915e-6	3.290248833857621e-6	-5.075259069648423e-7	1.3610373108927647e-7	-1.644793994965852e-6	2.423868439881157e-7
5.1422017343939425e-6	-3.818382310673739e-6	-3.4669357963774587e-6	-3.3177544326576966e-6	5.158749882400762e-7	-1.4078162881284754e-7	1.6584212183552166e-6	-2.4163332101285595e-7
-5.189025326571152e-6	3.848822179400293e-6	3.4999073431714587e-6	3.345724002803353e-6	-5.243603644396318e-7	1.4553298349716903e-7	-1.6722516281700958e-6	2.4086865980961137e-7
5.236732616289861e-6	-3.879817945735338e-6	-3.5334625735129956e-6	-3.3741696143263947e-6	5.329854659144464e-7	-1.5035957402037434e-7	1.6862899008146384e-6	-2.400926054550652e-7
-5.285349337405154e-6	3.911385269067211e-6	3.5676174267988514e-6	3.403103764924432e-6	-5.417538418274742e-7	1.5526323719823053e-7	-1.7005408540448985e-6	2.393048948743101e-7
5.334902243950412e-6	-3.9435404091895185e-6	-3.6023884321973146e-6	-3.4325393956994074e-6	5.506691633619873e-7	-1.6024587279679813e-7	1.7150094632717e-6	-2.385052609901543e-7
-5.3854191600390476e-6	3.976300259136631e-6	3.6377927349973028e-6	3.4624899135908445e-6	-5.597352279442014e-7	1.653094409541489e-7	-1.7297008562252465e-6	2.3769342305745425e-7
5.436929033979765e-6	-4.0096823627398774e-6	-3.673848132987052e-6	-3.4929692100939607e-6	5.689559671155948e-7	-1.7045597053877688e-7	1.744620325049581e-6	-2.36869095742208e-7
-5.489461993365464e-6	4.043704959627429e-6	3.7105730980283452e-6	3.523991685799919e-6	-5.783354508853437e-7	1.7568755670354838e-7	-1.759773333602096e-6	2.3603198253785562e-7
5.5430494103141505e-6	-4.078387018374636e-6	-3.747986813359802e-6	-3.55557227427125e-6	5.878778943595521e-7	-1.8100636814756729e-7	1.7751655214195747e-6	-2.3518177719753476e-7
-5.597723969531549e-6	4.1137482659852935e-6	3.78610921433868e-6	3.5877264621993933e-6	-5.975876641110475e-7	1.8641464797888417e-7	-1.7908027113871255e-6	2.3431816584223518e-7
5.653519725525459e-6	-4.149809233695768e-6	-3.824961013812981e-6	-3.6204703250370252e-6	6.074692864934967e-7	-1.9191471606231318e-7	1.80669092057208e-6	-2.3344082094490042e-7
-5.710472192008651e-6	4.186591297762209e-6	3.8645637481609985e-6	3.653820545515086e-6	-6.175274519858485e-7	1.9750897643004767e-7	-1.8228363647396793e-6	2.3254940764424664e-7
5.768618413657549e-6	-4.224116722293595e-6	-3.904939821583093e-6	-3.6877944463981928e-6	6.277670262377755e-7	-2.0319991583248336e-7	1.8392454659982232e-6	-2.3164357775070056e-7
-5.827997044750333e-6	4.262408704414555e-6	3.946112543914425e-6	3.722410027849796e-6	-6.381930574626172e-7	2.0899011112899287e-7	-1.855924868529334e-6	2.3072297202557322e-7
5.888648452054967e-6	-4.301491428643882e-6	-3.988106179167786e-6	-3.7576859903312062e-6	6.48810780754688e-7	-2.1488223286557834e-7	1.8728814382027478e-6	-2.297872198351599e-7
-5.950614799882741e-6	4.341390118835344e-6	4.030945999419958e-6	3.7936417752640405e-6	-6.596256358703092e-7	2.2087904777080288e-7	-1.8901222783393873e-6	2.288359368542989e-7
6.013940156970206e-6	-4.3821310912177495e-6	-4.074658334583515e-6	-3.830297604684776e-6	6.706432695186887e-7	-2.2698342484381363e-7	1.9076547425945328e-6	-2.278687263798111e-7
-6.078670606820161e-6	4.423741820721068e-6	4.1192706265808194e-6	3.86767451730523e-6	-6.81869545194489e-7	2.3319834048329814e-7	-1.9254864363859344e-6	2.2688517754445726e-7
6.144854364157326e-6	-4.4662510035295135e-6	-4.164811495777887e-6	-3.905794407949221e-6	6.933105628162413e-7	-2.3952688230014945e-7	1.9436252370742084e-6	-2.258848658320048e-7
-6.2125419009503695e-6	4.509688624364458e-6	4.211310800341796e-6	3.944680079815236e-6	-7.049726610022911e-7	2.459722534220812e-7	-1.9620793052790783e-6	2.248673504431648e-7
6.281786081028715e-6	-4.554086033086998e-6	-4.25879970490815e-6	-3.9843552884676544e-6	7.168624307580138e-7	-2.525377827849786e-7	1.980857090419873e-6	-2.2383217661126452e-7
-6.352642307996749e-6	4.599476025034413e-6	4.307310756753705e-6	4.024844786369419e-6	-7.289867338769527e-7	2.592269260364949e-7	-1.9999673518709597e-6	2.2277887219167723e-7
6.425168676081401e-6	-4.645892921327513e-6	-4.356877960781464e-6	-4.066174389121028e-6	7.413527128305839e-7	-2.660432719042298e-7	2.019419172593135e-6	-2.2170694753530458e-7
-6.499426142007361e-6	4.693372663845681e-6	4.407536864456553e-6	4.108371023635204e-6	-7.539678030068016e-7	2.7299055526525177e-7	-2.0392219671291124e-6	2.2061589706298528e-7
6.575478704215194e-6	-4.741952914584918e-6	-4.459324646177326e-6	-4.151462789487147e-6	7.668397529976775e-7	-2.800726571534748e-7	2.0593855049589384e-6	-2.195051940919914e-7
-6.653393595715688e-6	4.7916731531060304e-6	4.512280213584185e-6	4.195479032760344e-6	-7.799766409823526e-7	2.872936131411093e-7	-2.079919926678663e-6	2.1837429402283752e-7
6.73324149327082e-6	-4.842574798082716e-6	-4.566444301787353e-6	-4.240450405650647e-6	7.933868873090517e-7	-2.946576269760434e-7	2.1008357545622556e-6	-2.1722263159242365e-7
-6.8150967486304465e-6	4.894701324348542e-6	4.621859586201138e-6	4.2864089469264755e-6	-8.07079278898369e-7	3.0216907389290903e-7	-2.122143919889843e-6	2.160496191642235e-7
6.8990376272668465e-6	-4.948098392078456e-6	-4.6785708031432795e-6	-4.333388163003934e-6	8.21062987746516e-7	-3.0983250872101277e-7	2.1438557801107356e-6	-2.148546477572759e-7
-6.9851465696278285e-6	5.00281399170022e-6	4.736624868854048e-6	4.381423108737436e-6	-8.353475902745821e-7	3.1765268124073854e-7	-2.1659831355947793e-6	2.1363708375001314e-7
7.07351049477063e-6	-5.058898594135245e-6	-4.796071025309471e-6	-4.430550482902824e-6	8.499430933125069e-7	-3.256345418901962e-7	2.188538258413438e-6	-2.1239627011983358e-7
-7.164221087114581e-6	5.116405314701628e-6	4.856960981896073e-6	4.480808726110322e-6	-8.64859956581752e-7	3.337832524108357e-7	-2.211533912095635e-6	2.1113152221506937e-7
7.257375146224929e-6	-5.1753900885819846e-6	-4.919349073457444e-6	-4.532238125799528e-6	8.801091204866246e-7	-3.4210420157938617e-7	2.234983378101149e-6	-2.0984212891205635e-7
-7.353074965344534e-6	5.235911872642879e-6	4.983292435092536e-6	4.58488092853982e-6	-8.95702032028455e-7	3.506030130865041e-7	-2.2589004823428945e-6	2.0852735175531207e-7
7.451428695961438e-6	-5.29803283977598e-6	-5.048851183042907e-6	-4.6387814657391484e-6	9.11650677775016e-7	-3.5928556177935975e-7	2.283299622464584e-6	-2.0718641938010058e-7
-7.552550817643819e-6	5.3618186133102975e-6	5.116088617634294e-6	4.693986281294479e-6	-9.279676147392304e-7	3.681579867245258e-7	-2.308195801600291e-6	2.058185305143815e-7
7.656562598884674e-6	-5.427338521057455e-6	-5.185071433274247e-6	-4.7505442745445405e-6	9.446660027837525e-7	-3.7722670615335236e-7	2.333604656316118e-6	-2.0442285095746356e-7
-7.763592596162408e-6	5.494665838407394e-6	5.2558699631724105e-6	4.808506854391299e-6	-9.617596482206502e-7	3.864984355858225e-7	-2.3595424925989205e-6	2.029985103284627e-7
7.873777259730249e-6	-5.563878105056635e-6	-5.328558422362395e-6	-4.867928101162759e-6	9.792630366950518e-7	-3.9598020138834096e-7	2.3860263243911343e-6	-2.0154460093160617e-7
-7.987261515347373e-6	5.635057433360017e-6	5.40321518462697e-6	4.928864948552361e-6	-9.971913803926405e-7	4.056793646207266e-7	-2.4130739097236824e-6	2.000601774397811e-7
8.104199466067862e-6	-5.70829084128134e-6	-5.47992309762614e-6	-4.991377371178287e-6	1.0155606658131667e-6	-4.156036370470218e-7	2.4407037927742724e-6	-1.9854425332771554e-7
-8.224755147200682e-6	5.783670658370992e-6	5.5587697825971785e-6	5.0555286006420515e-6	-1.034387699699657e-6	4.2576110268670205e-7	-2.4689353508638642e-6	1.9699579605878845e-7
8.349103315628926e-6	-5.861294916040111e-6	-5.639848011956773e-6	-5.1213853447626295e-6	1.053690166424422e-6	-4.3616024576272527e-7	2.497788839623517e-6	-1.9541373105109968e-7
-8.477430407925296e-6	5.9412678157310775e-6	5.7232560958523155e-6	5.189018034786356e-6	-1.0734866866221308e-6	4.468099684562441e-7	-2.527285443009636e-6	1.937969334155138e-7
8.60993550444665e-6	-6.023700231421554e-6	-5.80909828698009e-6	-5.25850110193982e-6	1.0937968804083469e-6	-4.5771962315651634e-7	2.557447332704047e-6	-1.9214422519878968e-7
-8.74683144380731e-6	6.108710240474534e-6	5.897485274729994e-6	5.329913249521917e-6	-1.114641431565516e-6	4.6889904025282163e-7	-2.588297720609276e-6	1.9045437849452802e-7
8.88834608524875e-6	-6.1964237613628035e-6	-5.988534670126292e-6	-5.40333778777152e-6	1.1360421724778395e-6	-4.803585569490486e-7	2.619860924257247e-6	-1.8872610483655925e-7
-9.034723630386862e-6	6.286975193580772e-6	6.082371575002853e-6	5.478862973715165e-6	-1.1580221555741426e-6	4.921090539658053e-7	-2.6521624374683993e-6	1.8695805482069854e-7
9.186226173078997e-6	-6.380508165516166e-6	-6.179129206306613e-6	-5.5565823783303485e-6	1.1806057400068028e-6	-5.041619902533589e-7	2.685228994881766e-6	-1.8514881710797548e-7
-9.34313539312795e-6	6.477176372655321e-6	6.278949546124692e-6	5.636595321226376e-6	-1.2038187036936643e-6	5.16529444312985e-7	-2.719088657183702e-6	1.8329691033699732e-7
9.505754436704843e-6	-6.5771444551245775e-6	-6.381984122983252e-6	-5.719007301017002e-6	1.2276883249753998e-6	-5.292241521453836e-7	2.7537708929281284e-6	-1.8140077944439082e-7
-9.674410054942075e-6	6.680589032248398e-6	6.4883948173915255e-6	5.803930507073704e-6	-1.2522435104928473e-6	5.422595617155098e-7	-2.7893066650330996e-6	1.7945879467757777e-7
9.849454978052956e-6	-6.787699826484772e-6	-6.598354769101087e-6	-5.89148436628344e-6	1.2775149251159348e-6	-5.55649877171e-7	2.8257285337917987e-6	-1.7746924353112994e-7
-1.003127060078226e-5	6.89868091084862e-6	6.712049421001351e-6	5.981796124603465e-6	-1.3035351075629602e-6	5.694101108300723e-7	-2.8630707594748976e-6	1.7543032397018284e-7
1.0220270005670642e-5	-7.0137521278156065e-6	-6.829677616499353e-6	-6.075001542449577e-6	1.3303386430262005e-6	-5.835561573013845e-7	2.901369415789015e-6	-1.7334014452157518e-7
-1.0416901387503885e-5	7.133150666640651e-6	6.9514528663952546e-6	6.171245601687918e-6	-1.357962313191124e-6	5.981048396844206e-7	-2.94066251254233e-6	1.7119671252653427e-7
1.0621651938333327e-5	-7.257132837177087e-6	-7.077604759958572e-6	-6.270683316917337e-6	1.386445277844361e-6	-6.130739921007625e-7	2.980990133530542e-6	-1.6899792896229295e-7
-1.0835052254109445e-5	7.3859760698271755e-6	7.208380514924015e-6	6.37348065885062e-6	-1.415829284975027e-6	6.284825414990742e-7	-3.022394575130123e-6	1.6674158403258824e-7
1.105768138720866e-5	-7.519981187594502e-6	-7.344046744084076e-6	-6.479815521572309e-6	1.446158869185916e-6	-6.443505759751003e-7	3.064920505140445e-6	-1.6442534564956807e-7
-1.12901726088567e-5	7.659474958508769e-6	7.484891431073051e-6	6.5898788491701605e-6	-1.4774816163379471e-6	6.606994587611732e-7	-3.108615141436209e-6	1.6204675286316892e-7
1.1533220023530168e-5	-7.80481301149653e-6	-7.63122614854658e-6	-6.703875881398424e-6	1.509848419768839e-6	-6.775519155355718e-7	3.1535284233752117e-6	-1.5960320621220304e-7
-1.178758622351982e-5	7.956383166014713e-6	7.783388568522086e-6	6.8220275221024e-6	-1.5433137718785875e-6	6.949321517199614e-7	-3.1997132276223103e-6	1.570919598615717e-7
1.205411110286926e-5	-8.11460921351195e-6	-7.941745313964238e-6	-6.944571901780124e-6	1.577936114197214e-6	-7.128659871849453e-7	3.2472255873061336e-6	-1.5451010580937316e-7
-1.2333722105594936e-5	8.279955280058087e-6	8.106695179623756e-6	7.071766120880657e-6	-1.6137781856934285e-6	7.313809701421123e-7	-3.296124924023344e-6	1.5185456655103937e-7
1.262744619601467e-5	-8.45293083939084e-6	-8.278672806922453e-6	-7.2038882051102516e-6	1.6509074423568974e-6	-7.505065545020764e-7	3.346474330002504e-6	-1.491220841237777e-7
-1.2936423830948381e-5	8.634096493548428e-6	8.458152895620622e-6	7.341239318718693e-6	-1.6893965193170765e-6	7.702742573054407e-7	-3.3983408422093186e-6	1.4630919536071042e-7
1.326192541794594e-5	-8.824070686228122e-6	-8.645655004688444e-6	-7.48414627624411e-6	1.7293237383710729e-6	-7.907178336331925e-7	3.4517957706251233e-6	-1.4341223070944115e-7
-1.3605370770791254e-5	9.023537518764326e-6	8.841749089711466e-6	7.63296437501195e-6	-1.7707736908820812e-6	8.118735095069804e-7	-3.506915052150434e-6	1.4042728938474106e-7
1.3968352184539589e-5	-9.233255873997688e-6	-9.047061896042989e-6	-7.78808062721298e-6	1.8138378878841658e-6	-8.337801935344294e-7	3.5637796195994795e-6	-1.373502163432787e-7
-1.4352662010200689e-5	9.454070132316141e-6	9.26228434700418e-6	7.94991745949583e-6	-1.8586154969179029e-6	8.564797379568733e-7	-3.6224758529682587e-6	1.3417659654114133e-7
1.4760325770379303e-5	-9.686922828824211e-6	-9.488180145105723e-6	-8.118936923913086e-6	1.9052141690157294e-6	-8.800172382214793e-7	3.683096032968787e-6	-1.3090171610937188e-7
-1.519364214222199e-5	9.932869624918909e-6	9.725595819878882e-6	8.29564555577348e-6	-1.9537509906297577e-6	9.044413465771344e-7	-3.745738860553612e-6	1.2752054837058115e-7
1.5655231590158e-5	-1.019309716791164e-5	-9.975472498058215e-6	-8.480599970206254e-6	2.0043535564079576e-6	-9.298046397056743e-7	3.8105100562538946e-6	-1.2402772561462173e-7
-1.6148095908652184e-5	1.0468944501587888e-5	1.0238859769616659e-5	8.674413325037941e-6	-2.057161192848245e-6	9.56164032953852e-7	-3.8775229789559765e-6	1.2041749891513958e-7
1.6675691662890728e-5	-1.0761928838352348e-5	-1.0516932120950337e-5	-8.877762840872656e-6	2.1123263752291357e-6	-9.835812427548401e-7	3.946899354706191e-6	-1.1668372303237225e-7
-1.724202148119733e-5	1.1073776846499332e-5	1.0811008465214593e-5	9.091398565484463e-6	-2.1700163380323627e-6	1.012123309794097e-6	-4.018770080623025e-6	1.1281980141188046e-7
1.7851748534534733e-5	-1.1406462851957017e-5	-1.1122575512955915e-5	-9.316153636331254e-6	2.2304149412874336e-6	-1.0418632029622397e-6	4.093276105214234e-6	-1.0881865123810138e-7
-1.851034145344722e-5	1.1762255813290986e-5	1.145331591785347e-5	9.552956352575541e-6	-2.2937248353697906e-6	1.0728804990536109e-6	-4.170569443044829e-6	1.0467266689144943e-7
1.9224259499585642e-5	-1.2143777548359553e-5	-1.1805142330840581e-5	-9.802844455240096e-6	2.36016996907892e-6	-1.1052621566940387e-6	4.250814296922043e-6	-1.0037365032994685e-7
-2.0001191897397113e-5	1.2554075507980443e-5	1.2180238914621785e-5	1.0066982082719438e-5	-2.4299985179008158e-6	1.1391034192626254e-6	-4.3341883243193665e-6	9.59127677127231e-8
2.0850370807521155e-5	-1.2996714560050565e-5	-1.2581112322069552e-5	-1.0346680021752054e-5	2.5034863222980726e-6	-1.1745088377065488e-6	4.420884074132191e-6	-9.128048225807303e-8
-2.1782985840663304e-5	1.347589382591155e-5	1.301065473941807e-5	1.0643420054838983e-5	-2.580940932772677e-6	1.2115934562111426e-6	-4.511110608284085e-6	8.646647504011285e-8
2.2812741092351723e-5	-1.3996597043475654e-5	-1.3472222495879885e-5	-1.0958884367749368e-5	2.662706386515196e-6	-1.2504841965031945e-6	4.605095343359194e-6	-8.145957062703282e-8
-2.3956615458216755e-5	1.4564788290171968e-5	1.3969734972220747e-5	1.1294991327634756e-5	-2.749168905096693e-6	1.291321454893757e-6	-4.703086148839319e-6	7.624764165205597e-8
2.5235918716127898e-5	-1.5187669882802939e-5	-1.4507800228190702e-5	-1.1653939328405645e-5	2.840763696911228e-6	-1.3342609741263273e-6	4.805353748155761e-6	-7.081750281226576e-8
-2.667778737399921e-5	1.5874026995940342e-5	1.5091876183160727e-5	1.203826088871826e-5	-2.937983127245306e-6	1.379476046410824e-6	-4.912194461411503e-6	6.515479221401358e-8
2.8317350325222336e-5	-1.6634695119273747e-5	-1.5728479786098257e-5	-1.2450889948749527e-5	3.041386625857733e-6	-1.427160103532883e-6	5.0239333663609745e-6	-5.924383833769488e-8
-3.020094316842566e-5	1.7483204800077035e-5	1.6425461805620812e-5	1.2895246326404537e-5	-3.151612740030744e-6	1.4775297842592237e-6	-5.140927947784385e-6	5.3067500477497164e-8
3.239101631646893e-5	-1.8436687703446548e-5	-1.7192372643600792e-5	-1.3375342686181115e-5	3.269393906079224e-6	-1.530828599662264e-6	5.263572315545443e-6	-4.6606991859922455e-8
-3.497387894417297e-5	1.951717671557454e-5	1.80409566145889e-5	1.3895921366036634e-5	-3.39557472085839e-6	1.5873313149443048e-6	-5.392302117503879e-6	3.984167871223927e-8
3.807239346651963e-5	-2.0753515930441516e-5	-1.898583080526817e-5	-1.4462631357480171e-5	3.531134696368091e-6	-1.6473492212037695e-6	5.527600275426395e-6	-3.2748837426826184e-8
-4.186774775784478e-5	2.218424284985201e-5	2.0045434498374815e-5	1.5082259969666622e-5	-3.6772168321398915e-6	1.7112365449087501e-6	-5.6700037077024604e-6	2.5303384034809393e-8
4.6638882362510256e-5	-2.386207349990593e-5	-2.1243384311487158e-5	-1.5763040009356062e-5	3.835163864380244e-6	-1.7793982592022166e-6	5.8201112501956616e-6	-1.7477556920978844e-8
-5.2838806657979784e-5	2.5861135344575972e-5	2.2610453305637586e-5	1.6515063027779766e-5	-4.006564715972251e-6	1.8522996750051767e-6	-5.978593039588661e-6	9.240540859266565e-9
6.125519788627722e-5	-2.82891301034358e-5	-2.4187537627923172e-5	-1.7350844149515583e-5	4.193314637733367e-6	-1.9304783387709948e-6	6.146201674482494e-6	-5.580317258874091e-10
-7.338696040881163e-5	3.130883162872172e-5	2.6030238289244676e-5	1.8286107762913045e-5	-4.3976940545232725e-6	2.0145588822682103e-6	-6.323785564890574e-6	-8.608275065926801e-9
9.246542017677318e-5	-3.517844511321316e-5	-2.8216186566110677e-5	-1.934090219719409e-5	4.622473308106187e-6	-2.1052717186008035e-6	6.51230501360573e-6	1.8301296036636436e-8
-0.00012685909324118897	4.03332279717753e-5	3.085724082695398e-5	2.0541216565773797e-5	-4.871053773515407e-6	2.2034768280701974e-6	-6.712851680878097e-6	-2.856928456080588e-8
0.00020567079864436023	-4.7566815710939806e-5	-3.4120798329124655e-5	-2.1921385593363736e-5	5.147661067299266e-6	-2.3101943325934483e-6	6.926672306373498e-6	3.946669012867541e-8
-0.0005044108588642842	5.848622740244846e-5	3.8269272890075075e-5	2.352777064262884e-5	-5.457614306206521e-6	2.426644207563347e-6	-7.1551978511911335e-6	-5.105520417010719e-8
-0.003490500519994808	-7.685449853498625e-5	-4.373869303693891e-5	-2.5424584145130537e-5	5.807708786451098e-6	-2.5542985217162658e-6	7.400079541514087e-6	6.340501830494834e-8
-0.014546208096987659	0.00011350157500887607	5.131017591323343e-5	2.770346945039006e-5	-6.20677207561863e-6	2.6949511033587373e-6	-7.663233812494608e-6	-7.659634775290986e-8
-0.05307897279066957	-0.0002073678718159859	-6.253167312127632e-5	-3.0499997214220617e-5	6.6664926502875735e-6	-2.850811768733613e-6	7.946898875586367e-6	9.072131316629759e-8
-0.1446731023663181	-0.0025662783012292203	8.094036480710748e-5	3.4023685082060765e-5	-7.202690503237495e-6	3.024635903302113e-6	-8.253706577388428e-6	-1.058862546236213e-7
-0.2843105636115245	-0.010550122191494411	-0.00011656307210117204	-3.861645998086338e-5	7.837330848645274e-6	-3.219905905116785e-6	8.586774610303093e-6	1.2221459992078248e-7
-0.34897281868608	-0.04012417457809749	0.0002102487566400429	4.487665289224272e-5	-8.601840659628467e-6	3.4410903961194523e-6	-8.949826209119185e-6	-1.3985047304733172e-7
-0.09616995438816467	-0.1143301865131088	-0.0007152684970101715	-5.39527792474787e-5	9.542824570944667e-6	-3.694023043095721e-6	9.347347434147655e-6	1.5896325537250917e-7
0.5673507791427231	-0.23743021233142378	-0.0035851701008451234	6.835195891940929e-5	-1.0732466693615414e-5	3.98647057324793e-6	-9.784796607864012e-6	-1.797533943570271e-7
1.2180624725220641	-0.3187299033061023	-0.015063267075821332	-9.46950802770467e-5	1.2288759302391471e-5	-4.329009815491881e-6	1.0268887386755829e-5	2.0245990187185936e-7
1.1184968759306333	-0.1471971163340089	-0.0521822729374853	0.0001568155170332471	-1.4418240836800227e-5	4.7364284266828115e-6	-1.0807977664531766e-5	-2.2737013782908043e-7
0.10481855684414086	0.40656917591943653	-0.13477400878004392	-0.00041031382262108273	1.751642261312258e-5	-5.230051943401202e-6	1.141261367108379e-5	2.548327019584173e-7
-1.0010391006343022	1.0387536183423456	-0.2470764116978594	-0.002597171950013815	-2.2439637067854416e-5	5.841793885370357e-6	-1.2096306895316406e-5	-2.8527466876185865e-7
-1.2704517440592387	1.0832707490503124	-0.2683084592651506	-0.010853024966326381	3.1401551418028486e-5	-6.621609239084151e-6	1.2876669250993548e-5	3.19224970438362e-7
-0.6967923435969253	0.26381434863816916	-0.002199685313625857	-0.03918062005497206	-5.194575178435774e-5	7.652178625755914e-6	-1.3777115549603479e-5	-3.573465877842751e-7
0.01002480593284686	-0.7869931726472958	0.5677462402651737	-0.10560602607966606	0.0001258955211100659	-9.080407636380483e-6	1.4829494415119285e-5	4.0048166247174467e-7
0.33553567316143845	-1.1694597046538755	1.022868183931543	-0.20461366479103657	-0.0009910622623696779	1.1192801298293569e-5	-1.6078297515038417e-5	-4.4971595817738536e-7
0.30602136025603943	-0.7322739710275511	0.7956993588263004	-0.24518869318938438	-0.004117582578562394	-1.46240777693707e-5	1.7587673625649225e-5	5.06472938482926e-7
0.16605949787707402	-0.07081912973774314	-0.09736447417758073	-0.055029514233170145	-0.016974272028774925	2.106470593260044e-5	-1.9453696297203172e-5	-5.726544345701108e-7
0.06404104809079914	0.2837376289273019	-0.9048160057858525	0.4218417278448608	-0.05410083930239497	-3.651529990801742e-5	2.1827114921666573e-5	6.508568071008387e-7
0.018415811554629395	0.2917550456338777	-0.9742253068869986	0.8710405116101695	-0.12790816974843955	9.635480104135679e-5	-2.4958716842652715e-5	-7.447136034124583e-7
0.004383625516857407	0.16840746032290674	-0.4475112521846901	0.7737737579996387	-0.20798481982305322	-0.0009149681211868605	2.9298475030451657e-5	8.594585795512168e-7
0.0008605563095228684	0.06802643251753653	0.08224039427730423	0.04069072082960221	-0.17603971973827257	-0.003768801768779742	-3.5740001126084245e-5	-1.0028902822352012e-6
-0.0002596994506533902	0.02044947600637841	0.28081118560004154	-0.7281866375169385	0.10635151966810123	-0.015451340110872774	4.6331466202395394e-5	1.1871080383164707e-6
0.00014521116462810294	0.004886949494619333	0.22691526697483055	-0.8913960260919015	0.5658433614938893	-0.04871069616734848	-6.690603913595092e-5	-1.431826200599473e-6
-0.0001012202090192492	0.001103579791661665	0.11490394911083811	-0.47209238218793026	0.8016874210119889	-0.11378390509452206	0.0001214218419144896	1.7711736696265405e-6
7.83641934903393e-5	-0.000234366887923072	0.04199412388409225	0.021606559732023967	0.4504471914626391	-0.1819070802078675	-0.0004209629712878521	-2.2689537444195012e-6
-6.438690761662048e-5	0.00011683835984021864	0.011465969516966091	0.23999061535363939	-0.28813412499177365	-0.14783854590220954	-0.002087235421447666	3.0570686296617038e-6
5.493610643609457e-5	-7.735193198452066e-5	0.0027542468343284545	0.21304674580396737	-0.7753701787076542	0.1057471727041829	-0.008769916116644525	-4.448270579511203e-6
-4.8098993861957575e-5	5.8214652661853194e-5	0.0003844586791897815	0.11390433906742528	-0.661290929595019	0.5044643013908392	-0.030298820115127426	7.345800796575712e-6
4.29074618492748e-5	-4.6987823529184404e-5	-0.0001603380772561509	0.04343125623488375	-0.21029524637086602	0.6936169614042178	-0.07803565487188434	-1.5293859996420723e-5
-3.88199105790553e-5	3.960136517281765e-5	9.963064351040557e-5	0.012352730326823599	0.13421374800050823	0.36967953217064187	-0.14253348271763	5.220529762707682e-5
3.550983926241366e-5	-3.4359448555350125e-5	-7.286690360976763e-5	0.002942752923914043	0.2166691006920159	-0.27301745788578485	-0.15372266428060619	-0.0007505972014020244
-3.2768689787556096e-5	3.0435353150312727e-5	5.7943292141105216e-5	0.0005485782736564058	0.14931848212586032	-0.6779779862026382	0.001126606815436111	-0.0030636927185115678
3.0456947767026486e-5	-2.737923493900791e-5	-4.842399844547787e-5	-0.00017802778272739872	0.06833758772089764	-0.5613350375610324	0.32960943940848425	-0.01242959664541799
-2.8477701114609917e-5	2.492564153688577e-5	4.180646450195835e-5	0.00010191853473410779	0.022985246333517072	-0.16763094638062787	0.588890988672592	-0.03847916353578662
2.6761486962918828e-5	-2.290786338518923e-5	-3.692462127291589e-5	-7.180145704942741e-5	0.0058299780083449345	0.1229726295582104	0.4539488932337273	-0.08807814601680795
-2.5257180346705034e-5	2.1215909235171677e-5	3.316379173481996e-5	5.5915186774703596e-5	0.001432988669116046	0.18710387149486032	-0.06129559251178006	-0.1368012641329614
2.3926289874301867e-5	-1.9774244734549176e-5	-3.016965713333918e-5	-4.61121653888415e-5	1.059946938865544e-5	0.12653400049566257	-0.5226489163230587	-0.10332307398840762
-2.2739261165065882e-5	1.8529249834152262e-5	2.7723665853940397e-5	3.9444435572990305e-5	-2.3933910118670704e-5	0.05717881495690119	-0.5582783337960705	0.09563349809757755
2.167300900094536e-5	-1.744178414029447e-5	-2.568366106261814e-5	-3.460057909136386e-5	2.0158143782063864e-5	0.01902366312387373	-0.2539164893927286	0.3912280111450919
-2.070922646039642e-5	1.6482588661294713e-5	2.395313986892697e-5	3.0911217441182806e-5	-1.6785435876379995e-5	0.004785046667849611	0.04927366884759085	0.5119671335016455
1.9833199589951284e-5	-1.5629337195824125e-5	-2.246424801776982e-5	-2.7999529820721005e-5	1.4339917062804841e-5	0.0011772110224140288	0.16160427932022955	0.24795178514070207
-1.90329594679786e-5	1.4864685822597076e-5	2.1167850563304145e-5	2.5637262050291204e-5	-1.2545678826947388e-5	-1.5106457229012724e-5	0.1298439263582327	-0.23074929634256644
1.829866453746016e-5	-1.4174947231836611e-5	-2.0027467455783537e-5	-2.3678059412032283e-5	1.1184913570077669e-5	-9.030143663017045e-6	0.06552423867397884	-0.5091889647091763
-1.762214323257028e-5	1.3549168046576132e-5	1.9015426012726967e-5	2.2023716925106408e-5	-1.0119696033226776e-5	9.943139831233978e-6	0.02388208364174419	-0.4013533445653461
1.6996550367137628e-5	-1.2978473005382312e-5	-1.811033897553112e-5	-2.060584382728891e-5	9.26305797443767e-6	-8.981995644748961e-6	0.006503809420283723	-0.10664401775828077
-1.641610544848574e-5	1.2455589961780192e-5	1.7295404056332287e-5	1.9375315163727462e-5	-8.558529935119882e-6	7.984617754261436e-6	0.0015634749615133364	0.09890416443337333
1.5875890923473623e-5	-1.197449999880727e-5	-1.6557228635867764e-5	-1.8295908657738696e-5	7.968175574366436e-6	-7.1544183269622526e-6	0.00021270641934027226	0.13772984487648202
-1.5371694964456214e-5	1.1530175803809368e-5	1.588499948428719e-5	1.7340309942230565e-5	-7.4656768260929694e-6	6.482521366829462e-6	-9.013809650623276e-5	0.09034716399767574
1.4899887617004849e-5	-1.1118383270178157e-5	-1.526988471961622e-5	-1.6487517701119725e-5	7.032243189730592e-6	-5.935289180283466e-6	5.630328352952653e-5	0.03998466225220832
-1.4457322327824685e-5	1.0735529158636415e-5	1.4704595459998072e-5	1.572110776400681e-5	-6.6541146656593555e-6	5.483308444882987e-6	-4.12780621725307e-5	0.01306424582891748
1.404125697398432e-5	-1.037854280378936e-5	-1.4183059442489115e-5	-1.5028041556253377e-5	6.320988479482264e-6	-5.104389963948004e-6	3.2868757817050565e-5	0.00324402236176812
-1.3649290003975054e-5	1.0044783242401083e-5	1.3700174563707122e-5	1.4397829471249197e-5	-6.0249980384872165e-6	4.7822668388672585e-6	-2.749284106646402e-5	0.0007971279124436042
1.3279308405080236e-5	-9.731965604111755e-6	-1.3251620324516811e-5	-1.3821931528362424e-5	5.7600321277598725e-6	-4.504986730707652e-6	2.3750206644568256e-5	-3.7751451293833024e-5
-1.2929444995762079e-5	9.438102242563196e-6	1.2833711854206858e-5	1.3293320208143319e-5	-5.521269757375538e-6	4.263660724347706e-6	-2.0986374249740697e-5	7.1349774066368645e-6
1.2598043170377216e-5	-9.161455267040576e-6	-1.2443285698098123e-5	-1.2806156388710562e-5	5.304855303840193e-6	-4.051578008983814e-6	1.885557592668772e-5	-1.782164122725456e-6
-1.2283627590224398e-5	8.900497957485482e-6	1.2077609544693679e-5	1.2355545610030637e-5	-5.107667081403521e-6	3.863593392175947e-6	-1.7158175621727624e-5	2.10279228017041e-7
1.198487966594665e-5	-8.653883163717547e-6	-1.1734310203742916e-5	-1.1937352275390525e-5	4.927149487880833e-6	-3.695703149206291e-6	1.5770880169162848e-5	3.867361505176724e-7
-1.1700616976912873e-5	8.420417289852497e-6	1.1411315665856059e-5	1.1548056294075707e-5	-4.761189289628855e-6	3.5447483485024893e-6	-1.4613414832922696e-5	-6.468259237548197e-7
1.1429775871760396e-5	-8.199038695663002e-6	-1.1106808130381803e-5	-1.1184641257967689e-5	4.608023070651439e-6	-3.40820456385317e-6	1.3631241971483427e-5	7.676224938203183e-7
-1.1171396678648767e-5	7.988799670968389e-6	1.081918562080378e-5	1.0844506302592824e-5	-4.4661670427019e-6	3.2840306543338765e-6	-1.2785989270015451e-5	-8.236855827492383e-7
1.0924611126875153e-5	-7.788851336914397e-6	-1.0547030400792627e-5	-1.0525395972727699e-5	4.334363182235742e-6	-3.170558446312723e-6	1.2049855071895535e-5	8.472114789896912e-7
-1.068863154793526e-5	7.598430889279162e-6	1.0289082850106554e-5	1.0225343938283906e-5	-4.211537413119302e-6	3.066411122090467e-6	-1.1402188453662545e-5	-8.535203108598038e-7
1.0462741580340668e-5	-7.4168507902803074e-6	-1.0044219689930507e-5	-9.942627464844394e-6	4.096766781429815e-6	-2.970442058994908e-6	1.0827317898456115e-5	8.504451115869181e-7
-1.0246288174901612e-5	7.243489573562545e-6	9.81143573569026e-6	9.675730282529918e-6	-3.989253466861036e-6	2.8816884219233567e-6	-1.031312716581671e-5	-8.422129598183873e-7
1.0038674635538624e-5	-7.07778397308967e-6	-9.589828550834905e-6	-9.423312101414755e-6	3.88830401845445e-6	-2.799335521275033e-6	9.8500945303669e-6	8.311990583925985e-7
-9.83935457388031e-6	6.919222156809579e-6	9.378585444382593e-6	9.184183436307428e-6	-3.7933126052872556e-6	2.722689173891111e-6	-9.43062841992701e-6	-8.187777570681211e-7
9.64782664870351e-6	-6.767337902210299e-6	-9.176972410468767e-6	-8.95728465659744e-6	3.7037474149751586e-6	-2.651154037389982e-6	9.048597885560627e-6	8.057598751368005e-7
-9.463629938658505e-6	6.621705554196501e-6	8.984324689680459e-6	8.741668468687232e-6	-3.6191395419018635e-6	2.5842164546375663e-6	-8.69899427733383e-6	-7.926283279412734e-7
9.286339892062441e-6	-6.481935628220891e-6	-8.80003867002169e-6	-8.536485194987218e-6	3.5390738238579806e-6	-2.5214307713986802e-6	8.377683181060302e-6	7.796701703849465e-7
-9.115564757721676e-6	6.347671001810978e-6	8.623564899539518e-6	8.340970322457467e-6	-3.4631812410446905e-6	2.462408331183875e-6	-8.081219659162483e-6	-7.670530678876302e-7
8.950942429023673e-6	-6.2185835698009426e-6	-8.454402056979709e-6	-8.154433930066633e-6	3.391132597659135e-6	-2.406808541117535e-6	7.806708696605577e-6	7.548708328697507e-7
-8.792137654119131e-6	6.0943713041012405e-6	8.292091720606926e-6	7.976251669939755e-6	-3.3226332123175285e-6	2.3543315726530897e-6	-7.551698410141761e-6	-7.431711695530461e-7
8.638839548662198e-6	-5.9747556860286775e-6	-8.136213794535701e-6	-7.805857043195573e-6	3.2574184384342006e-6	-2.3047123752433126e-6	7.3140973498860265e-6	7.319728995369256e-7
-8.490759404686775e-6	5.859479424333959e-6	7.98638253437687e-6	7.642734742967493e-6	-3.195249884386683e-6	2.257715712285762e-6	-7.09210978371258e-6	-7.2127683666462e-7
8.347628704814597e-6	-5.748304439798324e-6	-7.842243055181239e-6	-7.486414914917182e-6	3.1359121868796376e-6	-2.2131320229101877e-6	6.884184540360126e-6	7.110727305803254e-7
-8.20919736381087e-6	5.64101008000634e-6	7.703468252368075e-6	7.336468183456105e-6	-3.0792102522529363e-6	2.170773973813808e-6	-6.6889741808899815e-6	-7.013437279549165e-7
8.0752321765021e-6	-5.537391537753227e-6	-7.569756102062806e-6	-7.192501307479389e-6	3.024966893776163e-6	-2.1304735489203665e-6	6.50530215187328e-6	6.92069269731249e-7
-7.94551535641622e-6	5.437258422041202e-6	7.440827269003024e-6	7.054153409890579e-6	-2.9730207949462794e-6	2.09207958318348e-6	-6.332136154705724e-6	-6.832269698904938e-7
7.81984329766528e-6	-5.340433498167165e-6	-7.316422979215782e-6	-6.921092665255733e-6	2.923224741495165e-6	-2.0554556770667167e-6	6.1685663728640686e-6	6.747938148022735e-7
-7.698025423707977e-6	5.246751568959982e-6	7.1963031348925895e-6	6.793013383205039e-6	-2.8754440913301163e-6	2.020478413215984e-6	-6.013787562080695e-6	-6.667469332383616e-7
7.579883114457618e-6	-5.1560584275114916e-6	-7.0802446472776424e-6	-6.669633454682015e-6	2.829555446433435e-6	-1.9870358223394374e-6	5.867084231644603e-6	6.590640827635747e-7
-7.465248817416994e-6	5.068209970692092e-6	6.968039919626725e-6	6.550692088046282e-6	-2.785445477491314e-6	1.9550260686305563e-6	-5.727818288504523e-6	-6.517239316249064e-7
7.35396515804256e-6	-4.983071370660217e-6	-6.859495511928853e-6	-6.435947798208848e-6	2.743009907913724e-6	-1.92435631714097e-6	5.595418688391265e-6	6.447062132653388e-7
-7.245884177801673e-6	4.9005163102019e-6	6.754430953408642e-6	6.325176628314417e-6	-2.7021526160881154e-6	1.8949417405072811e-6	-5.469372725025592e-6	-6.379918082386214e-7
7.140866648637342e-6	-4.820426343130135e-6	-6.652677629441924e-6	-6.218170574878813e-6	2.662784836020953e-6	-1.8667046640909803e-6	5.349218652375175e-6	6.315627620808111e-7
-7.038781395283143e-6	4.7426902594442585e-6	6.554077833882572e-6	6.114736156735811e-6	-2.6248244622164392e-6	1.8395738217371448e-6	-5.234539408442679e-6	-6.254022620114866e-7
6.939504751953835e-6	-4.667203542538478e-6	-6.4584838893938275e-6	-6.014693158180148e-6	2.5881954260633557e-6	-1.813483690833504e-6	5.124957256155018e-6	6.19494605648633e-7
-6.842920005860206e-6	4.593867873434777e-6	6.365757328845131e-6	5.917873509237988e-6	-2.5528271436018337e-6	1.788373922407228e-6	-5.020129187513103e-6	-6.138251483343475e-7
6.748916900320876e-6	-4.5225906530220775e-6	-6.275768210281708e-6	-5.8241202373283814e-6	2.5186540197936177e-6	-1.7641888345613113e-6	4.919742956957742e-6	6.083802384833412e-7
-6.657391221392571e-6	4.453284612903383e-6	6.188394440893809e-6	5.7332865771206325e-6	-2.4856150160778625e-6	1.7408769583858004e-6	-4.823513657832602e-6	-6.031471616388324e-7
6.568244351351745e-6	-4.385867413214839e-6	-6.103521189484037e-6	-5.645235142618179e-6	2.453653251933956e-6	-1.7183906449014259e-6	4.731180751762418e-6	5.981140765433105e-7
-6.481382907996866e-6	4.320261295661308e-6	6.021040361226109e-6	5.5598371572631584e-6	-2.422715646061712e-6	1.6966857138787109e-6	-4.642505474381414e-6	-5.932699513326715e-7
6.396718407685355e-6	-4.256392785003272e-6	-5.9408500796537926e-6	-5.476971810845775e-6	2.39275261724824e-6	-1.6757211365111271e-6	4.557268575644699e-6	5.88604507452796e-7
-6.314166922701759e-6	4.1941923693342995e-6	5.8628542668833005e-6	5.396525626230332e-6	-2.363717777648099e-6	1.6554587533267195e-6	-4.475268336854239e-6	-5.841081651388888e-7
6.233648805998474e-6	-4.133594248101519e-6	-5.786962218230617e-6	-5.318391905241659e-6	2.335567684826871e-6	-1.6358630343767501e-6	4.396318826172755e-6	5.797719877159588e-7
-6.155088414469012e-6	4.074536087081503e-6	5.713088219761614e-6	5.242470237022012e-6	-2.3082616169389768e-6	1.6169008428815862e-6	-4.320248359521904e-6	-5.755876343242195e-7
6.078413852841865e-6	-4.016958778206608e-6	-5.641151229295864e-6	-5.168666015217715e-6	2.2817613405963047e-6	-1.5985412340178767e-6	4.2468981453710685e-6	5.715473181306451e-7
-6.00355674731617e-6	3.960806242593349e-6	5.571074535021697e-6	5.096890039339054e-6	-2.256030941505545e-6	1.580755290835169e-6	-4.176121078127025e-6	-5.676437583786059e-7
5.930452029415151e-6	-3.906025232256917e-6	-5.502785477334885e-6	-5.0270581194487436e-6	2.2310366367703365e-6	-1.5635159354079205e-6	4.107780661469376e-6	5.638701457153614e-7
-5.859037735267614e-6	3.852565151882964e-6	5.436215186130839e-6	4.959090719848454e-6	-2.2067466180977932e-6	1.5467977959552684e-6	-4.041750067861988e-6	-5.602201078151474e-7
5.789254820143643e-6	-3.800377893258288e-6	-5.3712983231272435e-6	-4.892912654868616e-6	2.18313091908052e-6	-1.5305770806020427e-6	3.977911273645504e-6	5.56687672391304e-7
-5.721046990735731e-6	3.7494176859887404e-6	5.3079728651224166e-6	4.828452774535552e-6	-2.160161261585491e-6	1.5148314320890257e-6	-3.9161542980246714e-6	-5.532672401130273e-7
5.654360540293698e-6	-3.6996409528916394e-6	-5.246179889280012e-6	-4.765643703300049e-6	2.1378109577748276e-6	-1.4995398425314798e-6	3.85637653533291e-6	5.499535576109541e-7
-5.5891442034112175e-6	3.6510061770141392e-6	5.185863382803792e-6	4.704421591437713e-6	-2.116054790575533e-6	1.4846825408731812e-6	-3.7984821154687274e-6	-5.467416908658267e-7
5.525349017075968e-6	-3.6034737873462643e-6	-5.1269700600431195e-6	-4.644725878207317e-6	2.0948689022830984e-6	-1.4702408993303676e-6	3.7423813682379097e-6	5.436269990997113e-7
-5.462928191247595e-6	3.5570060366076838e-6	5.069449199769284e-6	4.586499087235834e-6	-2.0742307242226727e-6	1.4561973644301048e-6	-3.6879903268603305e-6	-5.406051213383291e-7
5.40183698786435e-6	-3.5115669003939755e-6	-5.01325249219203e-6	-4.529686625649861e-6	2.0541188726644336e-6	-1.4425353608098934e-6	3.6352302561080767e-6	5.37671949643641e-7
-5.342032609385355e-6	3.4671219814092904e-6	4.958333889540943e-6	4.47423660718462e-6	-2.0345130750217906e-6	1.4292392398003101e-6	-3.5840272683879594e-6	-5.348236089944014e-7
5.283474096605661e-6	-3.423638412340658e-6	-4.904649482815493e-6	-4.420099681859812e-6	2.015394105622261e-6	-1.4162942096106163e-6	3.534311938657733e-6	5.320564547248223e-7
-5.226122221090267e-6	3.381084774182966e-6	4.8521573714805366e-6	4.3672288827091655e-6	-1.996743707995002e-6	1.4036862674396756e-6	-3.4860189677616364e-6	-5.293670389038506e-7
5.169939405921661e-6	-3.339431017741197e-6	-4.8008175495646625e-6	-4.31557948346297e-6	1.978544539344235e-6	-1.391402164589916e-6	3.4390868875945767e-6	5.267521062533251e-7
-5.114889632303987e-6	3.2986483862495525e-6	4.750591802373653e-6	4.265108861555311e-6	-1.9607801132151914e-6	1.379429341426215e-6	-3.393457764629815e-6	-5.242085869943058e-7
5.0609383540446676e-6	-3.2587093462575315e-6	-4.701443602402006e-6	-4.215776378219444e-6	1.943434746343515e-6	-1.3677558865235482e-6	3.349076961280085e-6	5.217335673387083e-7
-5.008052436062023e-6	3.219587526540221e-6	4.653338018290424e-6	4.167543262111491e-6	-1.9264935075024713e-6	1.3563705003222903e-6	-3.305892895491025e-6	-5.193242969177633e-7
4.956200070088206e-6	-3.1812576521690483e-6	-4.6062416272162775e-6	-4.120372501386337e-6	1.9099421766258974e-6	-1.3452624480525605e-6	3.263856822130892e-6	5.169781683123115e-7
-4.905350712107306e-6	3.1436954886549227e-6	4.560122435046787e-6	4.074228744027683e-6	-1.8937672005414093e-6	1.334421529655903e-6	-3.222922651907167e-6	-5.146927069167011e-7
4.85547502281872e-6	-3.106877791708065e-6	-4.514949797335167e-6	-4.0290782080969385e-6	1.8779556511879526e-6	-1.3238380444946559e-6	3.1830467581828603e-6	5.124655728361756e-7
-4.8065448053072335e-6	3.0707822537374114e-6	4.470694350422773e-6	3.984888590130444e-6	-1.8624951960907597e-6	1.3135027624181222e-6	-3.144187817558318e-6	-5.102945364889782e-7
4.758532949682782e-6	-3.0353874563238105e-6	-4.4273279459433414e-6	-3.941628985841511e-6	1.8473740577711158e-6	-1.3034068927094175e-6	3.1063066614466504e-6	5.08177485806298e-7
-4.711413379596855e-6	3.0006728269521373e-6	4.3848235829971095e-6	3.899269819433942e-6	-1.8325809855693597e-6	1.2935420602769254e-6	-3.0693661300522704e-6	-5.061124147014831e-7
4.6651610088113845e-6	-2.966618601206056e-6	-4.3431553549583515e-6	-3.8577827628359805e-6	1.8181052270987177e-6	-1.2839002818512105e-6	3.03333094695183e-6	5.040974087577858e-7
-4.619751687418332e-6	2.9332057755138415e-6	4.302298393538583e-6	3.81714067807525e-6	-1.8039364980473441e-6	1.2744739383634641e-6	-2.9981676001083933e-6	-5.021306535503168e-7
4.575162159714464e-6	-2.9004160734710697e-6	-4.262228812786419e-6	-3.7773175544023277e-6	1.7900649590890692e-6	-1.265255760946523e-6	2.9638442319502616e-6	5.002104183345234e-7
-4.53137002828936e-6	2.8682319190116698e-6	4.222923663802948e-6	3.73828844151602e-6	-1.7764811903101346e-6	1.256238805967127e-6	-2.9303305340946294e-6	-4.983350529048859e-7
4.48835370779849e-6	-2.836636389373409e-6	-4.184360891648242e-6	-3.700029407256291e-6	1.7631761706160221e-6	-1.2474164373045324e-6	2.8975976584762284e-6	4.965029873326054e-7
-4.446092389968318e-6	2.805613192888084e-6	4.146519286112603e-6	3.662517479510587e-6	-1.75014125415327e-6	1.2387823129741445e-6	-2.8656181272561105e-6	-4.94712722447047e-7
4.404566012421288e-6	-2.775146642270082e-6	-4.10937844177226e-6	-3.6257305951412686e-6	1.7373681530101276e-6	-1.2303303638928265e-6	2.8343657480937553e-6	4.929628278579249e-7
-4.363755221051293e-6	2.7452216180053205e-6	4.072918728244436e-6	3.589647562425135e-6	-1.7248489194534863e-6	1.2220547830494886e-6	-2.8038155466559745e-6	-4.912519375865751e-7
4.323641339079191e-6	-2.7158235495731026e-6	-4.037121242944637e-6	-3.5542480149518042e-6	1.7125759239215752e-6	-1.2139500095416572e-6	2.773943689405244e-6	4.89578748223031e-7
-4.284206341147023e-6	2.6869383883263508e-6	4.001967780735757e-6	3.5195123685853424e-6	-1.7005418443537153e-6	1.2060107157895317e-6	-2.744727420033785e-6	-4.879420119533588e-7
4.2454328211946e-6	-2.6585525844098473e-6	-3.967440807781366e-6	-3.485421786293721e-6	1.6887396498434927e-6	-1.1982317964620956e-6	2.7161450025797776e-6	4.863405361216448e-7
-4.207303966430857e-6	2.6306530634865118e-6	3.9335234215664565e-6	3.4519581473540835e-6	-1.6771625822019384e-6	1.1906083541964815e-6	-2.6881756584717753e-6	-4.84773181676946e-7
4.169803535309369e-6	-2.6032272077498444e-6	-3.900199328022671e-6	-3.419104003783505e-6	1.665804145984626e-6	-1.1831356931912428e-6	2.6607995176833166e-6	4.832388548635993e-7
-4.132915828131714e-6	2.5762628362459903e-6	3.8674528137509985e-6	3.3868425552820004e-6	-1.6546580983448683e-6	1.17580930494061e-6	-2.633997569395925e-6	-4.817365104472623e-7
4.096625669305502e-6	-2.5497481819542988e-6	-3.835268718510332e-6	-3.3551576217174216e-6	1.6437184313502626e-6	-1.1686248596260429e-6	2.607751612829082e-6	4.802651476993686e-7
-4.0609183835476346e-6	2.523671880864002e-6	3.803632412007666e-6	3.324033605907931e-6	-1.6329793611266571e-6	1.1615782012098253e-6	-2.5820442162416093e-6	-4.788238049468577e-7
4.025779772592245e-6	-2.498022949160632e-6	-3.7725297705862934e-6	-3.293455476230427e-6	1.6224353252512919e-6	-1.1546653331122192e-6	2.556858677299599e-6	4.774115611555719e-7
-3.9911961031627844e-6	2.472790768789736e-6	3.7419471561838147e-6	3.263408736140106e-6	-1.6120809629751869e-6	1.1478824122725127e-6	-2.532178982247556e-6	-4.7602753428296735e-7
3.957154078485507e-6	-2.4479650754840465e-6	-3.711871392633535e-6	-3.233879401049934e-6	1.6019111083768968e-6	-1.141225746186259e-6	2.5079897716492192e-6	4.7467087522128614e-7
-3.923640829278594e-6	2.4235359382653944e-6	3.682289750829988e-6	3.204853977575152e-6	-1.591920787480206e-6	1.1346917798928134e-6	-2.484276309339548e-6	-4.733407689604779e-7
3.890643892279645e-6	-2.3994937516335056e-6	-3.6531899253697665e-6	-3.1763194396308615e-6	1.5821052008332419e-6	-1.1282770896494092e-6	2.4610244468409633e-6	4.7203643559019283e-7
-3.858151192714187e-6	2.375829218028056e-6	3.6245600184055886e-6	3.1482632106734786e-6	-1.572459721033582e-6	1.1219783832544077e-6	-2.438220596847894e-6	-4.7075712154296104e-7
3.826151037468307e-6	-2.3525333385659954e-6	-3.5963885258065843e-6	-3.1206731409650903e-6	1.5629798848875783e-6	-1.1157924871347455e-6	2.4158517048190654e-6	4.695021042759847e-7
-3.7946320866081847e-6	2.3295973987019466e-6	3.5686643146879824e-6	3.0935374946892214e-6	-1.5536613832950002e-6	1.1097163418993203e-6	-2.393905222512932e-6	-4.6827069058755437e-7
3.7635833544847864e-6	-2.3070129578046012e-6	-3.5413766146880844e-6	-3.0668449264496366e-6	1.544500057645244e-6	-1.1037470016829786e-6	2.3723690852303404e-6	4.670622099023103e-7
-3.7329941853032226e-6	2.2847718413430186e-6	3.514515000001498e-6	3.04058446855002e-6	-1.5354918916452206e-6	1.0978816241708806e-6	-2.351231683956002e-6	-4.6587601940416886e-7
3.7028542446985796e-6	-2.26286612266818e-6	-3.4880693751041267e-6	-3.014745517323424e-6	1.5266330055551669e-6	-1.0921174674190376e-6	2.3304818500894945e-6	4.647115001797157e-7
-3.6731535110653396e-6	2.241288124524039e-6	3.4620299642262327e-6	2.9893178102427668e-6	-1.5179196501786539e-6	1.0864518865362073e-6	-2.3101088318904007e-6	-4.635680548021682e-7
3.643882253488655e-6	-2.2200303994608513e-6	-3.4363872970128328e-6	-2.9642914227990885e-6	1.5093482026071177e-6	-1.0808823288563996e-6	2.290102270651658e-6	4.624451080099104e-7
-3.6150310368483866e-6	2.1990857256993676e-6	3.4111321961124065e-6	2.9396567458182064e-6	-1.5009151588476939e-6	1.0754063285500164e-6	-2.2704521914207734e-6	-4.613421063373437e-7
3.5865906936546486e-6	-2.1784471010640927e-6	-3.3862557668642793e-6	-2.9154044767095762e-6	1.4926171302364575e-6	-1.0700215048271976e-6	2.251148979866433e-6	4.6025851577663226e-7
-3.5585523257951855e-6	2.158107726860868e-6	3.3617493888722575e-6	2.891525609119576e-6	-1.4844508400770443e-6	1.0647255583450244e-6	-2.232183363372024e-6	-4.591938195688021e-7
3.5309072961026224e-6	-2.1380610112156923e-6	-3.337604697408319e-6	-2.8680114154898518e-6	1.4764131146054902e-6	-1.0595162646133549e-6	2.213546403812773e-6	4.5814752182730154e-7
-3.5036472043220355e-6	2.1183005495601665e-6	3.3138135846670597e-6	2.8448534432069283e-6	-1.4685008847726025e-6	1.0543914758720006e-6	-2.195229477152991e-6	-4.571191426490284e-7
3.4767638970194272e-6	-2.0988201274145616e-6	-3.2903681834997585e-6	-2.8220434975083514e-6	1.4607111774921152e-6	-1.0493491136719671e-6	2.177224257039645e-6	4.5610821797573634e-7
-3.4502494511534357e-6	2.079613711781783e-6	3.2672608548945084e-6	2.7995736370142816e-6	-1.4530411128377634e-6	1.0443871673622142e-6	-2.159522710128797e-6	-4.55114301268582e-7
3.424096156041621e-6	-2.0606754346891456e-6	-3.2444841931389276e-6	-2.7774361588941644e-6	1.4454879031932324e-6	-1.0395036932628914e-6	2.142117077743876e-6	4.541369598895822e-7
-3.398296525569947e-6	2.041999603830639e-6	3.2220310006396476e-6	2.7556235948516647e-6	-1.4380488444672555e-6	1.0346968078411105e-6	-2.1249998611015006e-6	-4.531757767921228e-7
3.3728432776430686e-6	-2.023580685855169e-6	-3.19989429011966e-6	-2.7341286992852665e-6	1.430721318712796e-6	-1.0299646903026693e-6	2.10816381997454e-6	4.522303477072613e-7
-3.3477293226284925e-6	2.0054132959189926e-6	3.1780672805627628e-6	2.7129444380917306e-6	-1.423502785383226e-6	1.0253055748520352e-6	-2.091601953445333e-6	-4.5130028271786777e-7
3.3229477748235035e-6	-1.9874922088243775e-6	-3.1565433754709843e-6	-2.6920639926826927e-6	1.4163907826624868e-6	-1.0207177532336358e-6	2.0753074903979036e-6	4.5038520486029125e-7
-3.2984919263589247e-6	1.9698123391453396e-6	3.1353161703030666e-6	2.671480733851557e-6	-1.4093829222383605e-6	1.0161995699730714e-6	-2.0592738874322817e-6	-4.494847478400095e-7
3.2743552518125938e-6	-1.9523687381873506e-6	-3.114379443274604e-6	-2.651188229734987e-6	1.4024768860707922e-6	-1.0117494189048913e-6	2.0434948098528014e-6	4.4859855963744994e-7
-3.250531401781903e-6	1.935156599717662e-6	3.093727138743252e-6	2.631180238163511e-6	-1.3956704271014259e-6	1.0073657467821218e-6	-2.027964128941386e-6	-4.477262975653253e-7
3.2270141906330383e-6	-1.9181712404566265e-6	-3.073353374460503e-6	-2.6114506839429203e-6	1.388961360660797e-6	-1.0030470431205407e-6	2.0126759140929935e-6	4.4686763030499444e-7
-3.2037976000804227e-6	1.9014081071913553e-6	3.0532524299265373e-6	2.5919936737375537e-6	-1.3823475703452939e-6	9.987918473580678e-7	-1.9976244208548945e-6	-4.460222380346913e-7
3.1808757650605196e-6	-1.884862767753977e-6	-3.0334187378218876e-6	-2.572803480599776e-6	1.3758269971227906e-6	-9.945987396224643e-7	1.9828040864010867e-6	4.451898092306434e-7
-3.158242975023377e-6	1.8685309055175856e-6	3.0138468852242774e-6	2.5538745284661038e-6	-1.3693976414149403e-6	9.904663427471205e-7	-1.968209523413749e-6	-4.44370043427382e-7
3.135893665807209e-6	-1.8524083212204942e-6	-2.994531601515912e-6	-2.5352014056554466e-6	1.3630575657243174e-6	-9.863933231459821e-7	1.9538355103530168e-6	4.4356264873780763e-7
-3.11382241581845e-6	1.8364909214284582e-6	2.9754677620058906e-6	2.5167788480899266e-6	-1.3568048795827113e-6	9.8237838018163e-7	-1.9396769846486538e-6	-4.42767342575928e-7
3.0920239411400647e-6	-1.8207747227243523e-6	-2.95665037413792e-6	-2.4986017291744857e-6	1.3506377502218464e-6	-9.784202581821386e-7	1.925729043660824e-6	4.419838502787173e-7
-3.070493091525959e-6	1.8052558423869444e-6	2.9380745767580576e-6	2.4806650704461767e-6	-1.3445543988876884e-6	9.745177328900155e-7	-1.911986927143888e-6	-4.412119064292811e-7
3.0492248467244127e-6	-1.7899304978124859e-6	-2.9197356415920538e-6	-2.4629640232654775e-6	1.338553087829483e-6	-9.706696144788277e-7	1.898446020767945e-6	4.404512528915961e-7
-3.0282143101650563e-6	1.7747950037332596e-6	2.9016289571717167e-6	2.4454938681070606e-6	-1.3326321344844527e-6	9.668747530712452e-7	-1.8851018505200923e-6	-4.397016386308305e-7
3.007456709071986e-6	-1.7598457665936918e-6	-2.8837500347848015e-6	-2.428250014742185e-6	1.3267899008381342e-6	-9.631320237147005e-7	1.8719500679333831e-6	4.3896282211897893e-7
-2.9869473851111692e-6	1.745079285280797e-6	2.8660945009443832e-6	2.4112279916641872e-6	-1.3210247885978683e-6	9.594403360850991e-7	-1.8589864598239134e-6	-4.382345656665339e-7
2.9666817969938436e-6	-1.7304921441948437e-6	-2.8486580930189776e-6	-2.394423445446407e-6	1.3153352499404022e-6	-9.557986338548456e-7	1.8462069315702478e-6	4.37516641728434e-7
-2.946655512843063e-6	1.7160810143200683e-6	2.831436656913375e-6	2.3778321364983464e-6	-1.3097197723576693e-6	9.522058830023768e-7	-1.8336075061914451e-6	-4.368088271856367e-7
