-4.157969081905139e-6	-1.8881754368663176e-6	4.044919956817989e-6	3.3408133938869384e-6	-5.059206237448914e-6	2.049168908694666e-6	3.0400133629250507e-6	2.7568548631679523e-6
4.198154379739068e-6	1.8910474307659093e-6	-4.066154866598533e-6	-3.355386898164306e-6	5.083998427845427e-6	-2.0545759378756348e-6	-3.04635193279e-6	-2.760906656248358e-6
-4.238930820388456e-6	-1.8938452562953323e-6	4.087714445021484e-6	3.370194379882468e-6	-5.109051339106636e-6	2.0600470270962994e-6	3.052702452999899e-6	2.764989579122389e-6
4.280312053082545e-6	1.8965653327257463e-6	-4.109606267812037e-6	-3.38524138394111e-6	5.134369385184221e-6	-2.0655833882970473e-6	-3.05906426900053e-6	-2.7691039930498156e-6
-4.3223121604244865e-6	-1.8992039223909953e-6	4.131838148225505e-6	3.4005336265909767e-6	-5.159957092142621e-6	2.0711862666020034e-6	3.0654366700904853e-6	2.7732502629817387e-6
4.364945663901698e-6	1.9017571351680952e-6	-4.154418144886654e-6	-3.416077005623257e-6	5.185819090048278e-6	-2.076856952968755e-6	-3.0718189265053e-6	-2.777428760798107e-6
-4.408227560068888e-6	-1.9042208991871452e-6	4.177354576221609e-6	3.4318776102441717e-6	-5.211960118241289e-6	2.0825967567174723e-6	3.078210273724857e-6	2.7816398605347615e-6
4.452173328097144e-6	1.9065909744279083e-6	-4.200656026866911e-6	-3.4479417164506467e-6	5.238385031562201e-6	-2.088407026500079e-6	-3.084609884846544e-6	-2.785883943181754e-6
-4.496798955553713e-6	-1.908862934761708e-6	4.224331351839338e-6	3.4642758068950095e-6	-5.26509880634858e-6	2.094289157861579e-6	3.091016918879245e-6	2.7901613977900615e-6
4.542120952298583e-6	1.911032150715949e-6	-4.248389706354036e-6	-3.4808865766411353e-6	5.29210653389521e-6	-2.100244569805646e-6	-3.097430473662945e-6	-2.7944726122642297e-6
-4.588156383125447e-6	-1.9130937980947797e-6	4.272840542772029e-6	3.4977809354442397e-6	-5.31941343848946e-6	2.1062747274251703e-6	3.1038496053531404e-6	2.798817984285254e-6
4.6349228850493915e-6	1.9150428326432587e-6	-4.297693616746229e-6	-3.5149660221582177e-6	5.347024868733344e-6	-2.1123811384435546e-6	-3.110273333784317e-6	-2.8031979214450956e-6
-4.682438689008083e-6	-1.9168739870270233e-6	4.322959027265769e-6	3.5324492152991332e-6	-5.3749463092431325e-6	2.1185653488612305e-6	3.1167006048555755e-6	2.8076128240666886e-6
4.730722652676658e-6	1.9185817529458677e-6	-4.348647202387705e-6	-3.5502381395508165e-6	5.4031833862185615e-6	-2.124828946575253e-6	-3.1231303410874876e-6	-2.8120631105470685e-6
-4.7797942852894835e-6	-1.920160379443764e-6	4.374768923997741e-6	3.5683406726312076e-6	-5.4317418623212665e-6	2.131173569390024e-6	3.129561396050201e-6	2.816549203196792e-6
4.8296737741370225e-6	1.9216038538419963e-6	-4.401335352991039e-6	-3.5867649674741764e-6	5.460627653595782e-6	-2.1376009023234715e-6	-3.1359925540259014e-6	-2.8210715186028844e-6
-4.880382014898314e-6	-1.9229058802838755e-6	4.428358026664458e-6	3.6055194559640027e-6	-5.489846828299437e-6	2.1441126678991613e-6	3.142422572992331e-6	2.8256304971630234e-6
4.93194065149658e-6	1.9240598863742635e-6	-4.4558488914171554e-6	-3.6246128528069044e-6	5.5194056109058355e-6	-2.150710655376688e-6	-3.148850117808984e-6	-2.830226570873259e-6
-4.984372096769955e-6	-1.9250589896849496e-6	4.4838203107171755e-6	3.644054188034817e-6	-5.549310388358528e-6	2.157396693964299e-6	3.1552737960699775e-6	2.8348601807242993e-6
5.037699578662346e-6	1.9258959861613396e-6	-4.512285088582986e-6	-3.6638528076824373e-6	5.5795677221772225e-6	-2.1641726691468453e-6	-3.1616921630218384e-6	-2.8395317844860146e-6
-5.09194717644199e-6	-1.926563340810913e-6	4.541256489402765e-6	3.6840183810213887e-6	-5.610184346238372e-6	2.171040528677025e-6	3.1681036772852975e-6	2.8442418255480305e-6
5.14713985318988e-6	1.927053161735965e-6	-4.5707482558485936e-6	-3.7045609305736476e-6	5.641167169569531e-6	-2.1780022691133565e-6	-3.174506740569007e-6	-2.848990771163565e-6
-5.203303508520912e-6	-1.9273571839800037e-6	4.600774630324049e-6	3.7254908446165472e-6	-5.672523301021672e-6	2.185059957282623e-6	3.1808996700313565e-6	2.8537790939508427e-6
5.260465014722034e-6	1.9274667476662036e-6	-4.631350385544665e-6	-3.7468188807232507e-6	5.704260037791803e-6	-2.1922157140656137e-6	-3.1872806975069278e-6	-2.858607253796372e-6
-5.3186522701167265e-6	-1.927372783874978e-6	4.662490841068483e-6	3.768556192001419e-6	-5.736384872319142e-6	2.1994717330094933e-6	3.1936479741317598e-6	2.863475740638356e-6
5.377894244254904e-6	1.9270657813337174e-6	-4.694211887441788e-6	-3.7907143566470823e-6	5.768905521083992e-6	-2.2068302717130073e-6	-3.1999995544638184e-6	-2.8683850419771548e-6
-5.438221030014856e-6	-1.926535765868525e-6	4.72653002619571e-6	3.81330537485117e-6	-5.8018299057590885e-6	2.2142936574429e-6	3.20633340311719e-6	2.873335639476354e-6
5.499663914437729e-6	1.925772284400516e-6	-4.75946238406842e-6	-3.836341698910924e-6	5.835166172890707e-6	-2.2218642991183475e-6	-3.212647379363956e-6	-2.8783280413973885e-6
-5.562255411132581e-6	-1.9247643619361717e-6	4.793026752349054e-6	3.8598362650488116e-6	-5.868922712159958e-6	2.2295446684171136e-6	3.218939243742222e-6	2.88336275063561e-6
5.626029349284355e-6	1.923500481259774e-6	-4.827241616317591e-6	-3.883802499707515e-6	5.903108146328521e-6	-2.2373373295983864e-6	-3.2252066414814026e-6	-2.8884402739979455e-6
-5.691020935661281e-6	-1.9219685533692985e-6	4.862126190367872e-6	3.908254349802727e-6	-5.9377313528321744e-6	2.2452449282750465e-6	3.2314471031707906e-6	2.8935611356298934e-6
5.75726680548325e-6	1.920155881113812e-6	-4.897700456260221e-6	-3.933206313444164e-6	5.972801471145351e-6	-2.2532701854474602e-6	-3.2376580424951403e-6	-2.8987258556294083e-6
-5.824805134730804e-6	-1.9180491210497487e-6	4.933985194419348e-6	3.958673456457629e-6	-6.0083279136485465e-6	2.261415927882262e-6	3.243836738453583e-6	2.9039349636879933e-6
5.8936756889947656e-6	1.9156342525053704e-6	-4.971002036041729e-6	-3.984671449987887e-6	6.044320372877008e-6	-2.2696850692332043e-6	-3.2499803413522395e-6	-2.9091890021684797e-6
-5.963919927383104e-6	-1.9128965348306567e-6	5.008773499315737e-6	4.011216599395656e-6	-6.080788836284968e-6	2.278080616437808e-6	3.2560858570642893e-6	2.9144885082178264e-6
6.035581092414132e-6	1.909820459122817e-6	-5.047323032585567e-6	-4.038325863692826e-6	6.1177435979020515e-6	-2.286605688661242e-6	-3.262150147825461e-6	-2.919834032561477e-6
-6.1087043031651465e-6	-1.9063897108722574e-6	5.086675076009925e-6	4.066016908169644e-6	-6.15519526961318e-6	2.2952635108813376e-6	3.2681699138929353e-6	2.9252261367283614e-6
6.183336670958499e-6	1.9025871137273929e-6	-5.126855100353626e-6	-4.094308133681276e-6	6.193154796335557e-6	-2.304057410191126e-6	-3.2741416929052544e-6	-2.930665374902459e-6
-6.259527393897544e-6	-1.8983945830757854e-6	5.167889670336237e-6	4.123218705869784e-6	-6.23163346424068e-6	2.3129908389047165e-6	3.280061859165272e-6	2.9361523190946554e-6
6.337327906371895e-6	1.8937930579697112e-6	-5.209806502452563e-6	-4.152768601442598e-6	6.270642925561833e-6	-2.322067379781773e-6	-3.285926587722205e-6	-2.9416875465667807e-6
-6.416791975422879e-6	-1.888762458654341e-6	5.252634527476694e-6	4.182978659665777e-6	-6.310195205465225e-6	2.3312907219365933e-6	3.2917318755863377e-6	2.9472716312339897e-6
6.497975856322465e-6	1.8832816049764234e-6	-5.296403962250192e-6	-4.2138706259673185e-6	6.350302719112351e-6	-2.340664704058787e-6	-3.2974735196664772e-6	-2.9529051643061006e-6
-6.5809384567055426e-6	-1.8773281458511753e-6	5.341146370011642e-6	4.245467179364658e-6	-6.390978293340991e-6	2.350193309236179e-6	3.303147088510455e-6	2.9585887364307854e-6
6.665741453266616e-6	1.8708785117618615e-6	-5.386894757349432e-6	-4.277792010706055e-6	6.432235183606375e-6	-2.359880650339803e-6	-3.308747942695727e-6	-2.9643229443499715e-6
-6.752449499184008e-6	-1.8639077862156098e-6	5.433683636185664e-6	4.310869883418617e-6	-6.47408708780534e-6	2.3697310063630828e-6	3.314271203797454e-6	2.9701083913227854e-6
6.8411304117627505e-6	1.8563896589789406e-6	-5.481549126059473e-6	-4.34472665508479e-6	6.516548172396745e-6	-2.379748817819335e-6	-3.3197117325880623e-6	-2.975945685246186e-6
-6.931855329041966e-6	-1.84829632968654e-6	5.53052904426188e-6	4.379389378745881e-6	-6.559633096302694e-6	2.3899386913927383e-6	3.325064140091505e-6	2.9818354422834642e-6
7.02469896627272e-6	1.839598362886926e-6	-5.5806630014074454e-6	-4.414886359952142e-6	6.60335702061793e-6	-2.4003054065212294e-6	-3.3303227550419893e-6	-2.987778273978154e-6
-7.119739839287739e-6	-1.8302646388122999e-6	5.63199252984603e-6	4.451247214537961e-6	-6.647735651069374e-6	2.410853939187889e-6	3.33548160695929e-6	2.9937748086122626e-6
7.217060482498702e-6	1.820262206348665e-6	-5.68456116808435e-6	-4.488502976964884e-6	6.692785247524488e-6	-2.4215894603118497e-6	-3.3405344266233385e-6	-2.9998256718560235e-6
-7.316747759164608e-6	-1.8095561276640037e-6	5.738414619639176e-6	4.5266861424220885e-6	-6.738522660560034e-6	2.432517333633369e-6	3.34547460343464e-6	3.005931488901865e-6
7.418893131069334e-6	1.7981094019533478e-6	-5.793600876745712e-6	-4.565830799235156e-6	6.78496535987242e-6	-2.4436431569223664e-6	-3.3502951920490896e-6	-3.0120928992234694e-6
-7.523592970675918e-6	-1.7858827646195028e-6	5.850170343364656e-6	4.605972700858744e-6	-6.832131451104001e-6	2.454972749647248e-6	3.354988878321306e-6	3.018310537231366e-6
7.630948915985208e-6	1.7728345337135943e-6	-5.908176035818751e-6	-4.647149357752117e-6	6.880039744172287e-6	-2.4665121663156666e-6	-3.3595479453160775e-6	-3.02458504135475e-6
-7.741068242019074e-6	-1.758920461556046e-6	5.9676737226084016e-6	4.689400191136702e-6	-6.9287097315318055e-6	2.4782677221168423e-6	3.363964291869666e-6	3.030917051540119e-6
7.854064250086914e-6	1.744093498663463e-6	-6.028722096804898e-6	-4.732766596456326e-6	6.978161680535478e-6	-2.4902459964505854e-6	-3.368229358969653e-6	-3.0373072131846764e-6
-7.970056724476409e-6	-1.7283036255990047e-6	6.091383020194637e-6	4.777292120588002e-6	-7.028416657230243e-6	2.502453853310122e-6	3.3723341287138633e-6	3.0437561674668137e-6
8.089172418300344e-6	1.7114975937045414e-6	-6.155721687507011e-6	-4.8230225792518204e-6	7.0794965163938485e-6	-2.5148984460302407e-6	-3.3762691123299477e-6	-3.050264554239439e-6
-8.21154554316835e-6	-1.693618695415874e-6	6.221806883069219e-6	4.8700061829681745e-6	-7.131424054824324e-6	2.5275872541367254e-6	3.3800242756468506e-6	3.0568330209449534e-6
8.337318394948819e-6	1.6746064913934777e-6	-6.289711245355422e-6	-4.918293762025987e-6	7.184222949454948e-6	-2.5405280825315408e-6	-3.3835890509225285e-6	-3.063462204502731e-6
-8.466641938247227e-6	-1.6543964913486962e-6	6.359511497745505e-6	4.96793888032513e-6	-7.2379178568052405e-6	2.5537290851348787e-6	3.3869522833312663e-6	3.070152741103538e-6
8.599676509606552e-6	1.6329198714241507e-6	-6.431288806049272e-6	-5.01899803040673e-6	7.292534512078974e-6	-2.5671987998632995e-6	-3.390102187123449e-6	-3.0769052680782957e-6
-8.736592598615851e-6	-1.6101030697395132e-6	6.505129045949629e-6	5.071530900321797e-6	-7.348099682037709e-6	2.5809461437322417e-6	3.3930263258711417e-6	3.083720412011188e-6
8.877571625048667e-6	1.5858674302540622e-6	-6.5811231889295266e-6	-5.125600512594575e-6	7.4046413267369004e-6	-2.594980466553269e-6	-3.3957115521043328e-6	-3.0905987949566845e-6
-9.022806921373211e-6	-1.5601287583232083e-6	6.659367696068181e-6	5.181273507062201e-6	-7.462188644664232e-6	2.6093115525537327e-6	3.3981439764625405e-6	3.097541033087362e-6
9.172504702231078e-6	1.5327968382903834e-6	-6.739964894819148e-6	-5.238620434487002e-6	7.520772085164546e-6	-2.6239496627111302e-6	-3.4003089024938767e-6	-3.104547732295011e-6
-9.326885186771311e-6	-1.503774941194172e-6	6.823023504975368e-6	5.297715962760752e-6	-7.580423514591052e-6	2.638905557585441e-6	3.4021907950302352e-6	3.111619486691726e-6
9.486183876485985e-6	1.472959198839293e-6	-6.908659088751484e-6	-5.358639270934443e-6	7.641176275159134e-6	-2.654190527209663e-6	-3.403773207296913e-6	-3.1187568784205995e-6
-9.650652883285113e-6	-1.4402380144063546e-6	6.996994638559856e-6	5.421474344537068e-6	-7.70306520955145e-6	2.6698164447936175e-6	3.405038717506296e-6	3.1259604759205136e-6
9.82056249919157e-6	1.4054913291676707e-6	-7.088161190726894e-6	-5.4863103453250735e-6	7.766126876675473e-6	-2.685795761597967e-6	-3.405968891683914e-6	-3.1332308296224005e-6
-9.996202893288808e-6	-1.3685898237933628e-6	7.182298469836673e-6	5.5532420628617475e-6	-7.830399584595085e-6	2.70214160142809e-6	3.4065441698912933e-6	3.140568470226071e-6
1.0177886014064914e-5	1.3293940821392525e-6	-7.27955567643705e-6	-5.622370295981918e-6	7.895923494914109e-6	-2.7188677705804345e-6	-3.4067438252706905e-6	-3.1479739060414574e-6
-1.0365947738693981e-5	-1.2877535790942003e-6	7.380092274011847e-6	5.693802405615826e-6	-7.962740834987905e-6	2.735988789665133e-6	3.406545866953459e-6	3.15544762441785e-6
1.056075026057475e-5	1.243505613099043e-6	-7.484078912528531e-6	-5.767652826702629e-6	8.030895937138506e-6	-2.753520004223427e-6	-3.405926949401969e-6	-3.162990076939456e-6
-1.0762684797885828e-5	-1.196474083694252e-6	7.591698449118504e-6	5.844043645553882e-6	-8.100435462182085e-6	2.7714775831053846e-6	3.40486227892447e-6	3.170601690425494e-6
1.0972174620561603e-5	1.1464681245214144e-6	-7.703147054081449e-6	-5.92310529916239e-6	8.171408537691688e-6	-2.7898785871302496e-6	-3.40332550279363e-6	-3.1782828537805808e-6
-1.1189678510372622e-5	-1.0932805753373708e-6	7.81863547256235e-6	6.004977271144318e-6	-8.24386692601869e-6	2.8087410841809125e-6	3.401288619233227e-6	3.1860339123437224e-6
1.1415694652457685e-5	1.036686241796211e-6	-7.938390421561546e-6	-6.0898088908197995e-6	8.317865260477544e-6	-2.8280841559170617e-6	-3.398721801413237e-6	-3.1938551739761614e-6
-1.1650765056120877e-5	-9.76439962458513e-7	8.0626561513409e-6	6.177760247060488e-6	-8.393461219941892e-6	2.8479280104643698e-6	3.3955933197074226e-6	3.201746888928099e-6
1.1895480654340411e-5	9.122743802354531e-7	-8.191696193349428e-6	-6.269003167933693e-6	8.470715797504804e-6	-2.8682940869991678e-6	-3.3918693790103673e-6	-3.2097092598970627e-6
-1.2150487062724104e-5	-8.438974514175524e-7	8.3257953356405e-6	6.36372230459902e-6	-8.549693548452632e-6	2.8892050971336796e-6	3.387513905846394e-6	3.2177424188400805e-6
1.2416491222355806e-5	7.709895882506805e-7	-8.465261839255382e-6	-6.462116397472808e-6	8.630462888527756e-6	-2.9106851867227887e-6	-3.3824884619012204e-6	-3.2258464383055898e-6
-1.269426909687067e-5	-6.932003867272082e-7	8.610429940273647e-6	6.564399626314952e-6	-8.713096402561314e-6	2.9327600091868845e-6	3.376752001403511e-6	3.2340213098306827e-6
1.29846744968824e-5	6.10144932102797e-7	-8.761662691395628e-6	-6.670803146864097e-6	8.797671207447816e-6	-2.9554568740670443e-6	-3.370260629182633e-6	-3.242266935030917e-6
-1.3288649357210158e-5	-5.213994828364961e-7	8.919355179993044e-6	6.781576854011939e-6	-8.884269350132057e-6	2.9788048772077085e-6	3.362967462376191e-6	3.2505831387806784e-6
1.360723574722787e-5	4.264965404932707e-7	-9.083938206343626e-6	-6.896991298204958e-6	8.972978220896625e-6	-3.00283504398166e-6	-3.3548222981400813e-6	-3.25896961980089e-6
-1.394158987413862e-5	-3.249191700436789e-7	9.255882464275238e-6	7.017339898499354e-6	-9.063891068081186e-6	3.0275805437749956e-6	3.345771357646305e-6	3.267425975070784e-6
1.4292998565497915e-5	2.1609433990808945e-7	-9.435703353613904e-6	-7.1429414475748405e-6	9.15710752684876e-6	-3.05307679723719e-6	-3.33575702120185e-6	-3.275951680447509e-6
-1.4662898772811898e-5	-9.938521078711403e-8	9.623966516668375e-6	7.274142918251687e-6	-9.25273422211928e-6	3.079361776596645e-6	3.3247174193352805e-6	3.2845460460775073e-6
1.5052900685848423e-5	-2.591788066557445e-8	-9.821294190991102e-6	-7.411322689409491e-6	9.350885464926916e-6	-3.1064761904694054e-6	-3.312586140386884e-6	-3.293208245839677e-6
-1.5464815342078876e-5	1.6060805699436607e-7	1.0028372618724783e-5	7.554894231180383e-6	-9.451684014816056e-6	3.134463709478033e-6	3.2992917626194965e-6	3.3019372846760583e-6
1.5900687791933294e-5	-3.0557443778127567e-7	-1.0245960634434647e-5	-7.705310300610383e-6	9.555261943285956e-6	-3.163371368966573e-6	-3.2847574178273283e-6	-3.3107319422448446e-6
-1.6362837133349894e-5	4.61816991254626e-7	1.0474899685097376e-5	7.863067773687291e-6	-9.661761619441374e-6	3.193249773035541e-6	3.2689003173342836e-6	3.3195908186496513e-6
1.6853905193489747e-5	-6.304642791162085e-7	-1.0716125604000476e-5	-8.02871323787444e-6	9.771336827780514e-6	-3.2241535142412986e-6	-3.2516311306627177e-6	-3.3285122680819204e-6
-1.7376916117673144e-5	8.127947346464952e-7	1.0970682467190354e-5	8.202849434574929e-6	-9.884154033167173e-6	3.256141640857362e-6	3.2328534275255138e-6	3.337494355655705e-6
1.7935349892910818e-5	-1.0102622863099794e-6	-1.1239739007362021e-5	-8.386142745362687e-6	1.0000393830785223e-5	-3.289278003048209e-6	-3.2124629383566235e-6	-3.346534893965843e-6
-1.8533233679416028e-5	1.2245275045807657e-6	1.152460812652466e-5	8.579331949678815e-6	-1.012025261100099e-5	3.3236318863706037e-6	3.1903467897376196e-6	3.355631338769675e-6
1.9175256364914542e-5	-1.457495641076826e-6	-1.1826770269513054e-5	-8.783238468409315e-6	1.024394447769851e-5	-3.3592785965854014e-6	-3.1663826451904565e-6	-3.364780789442119e-6
-1.9866913578803112e-5	1.7113634276974141e-6	1.2147901540453763e-5	8.99877840012542e-6	-1.0371703459752239e-5	3.3963000614480407e-6	3.1404377026592608e-6	3.3739799544903793e-6
2.0614692897509286e-5	-1.9886771252247755e-6	-1.2489907741126524e-5	-9.226976774835978e-6	1.0503786058596045e-5	-3.4347857383424294e-6	-3.1123676177506277e-6	-3.3832250737348734e-6
-2.1426313304918492e-5	2.2924050981084794e-6	1.2854965880735605e-5	9.4689845034562e-6	-1.0640474260408289e-5	3.474833434173314e-6	3.0820152432411505e-6	3.3925118928055034e-6
2.2311038240665914e-5	-2.6260293913286576e-6	-1.3245575122712142e-5	-9.726098583998473e-6	1.0782079029379469e-5	-3.516550312682371e-6	-3.0492092371589897e-6	-3.4018355955623806e-6
-2.3280090198039414e-5	2.9936623312126456e-6	1.3664619814938628e-5	9.9997864096012e-6	-1.0928944388258493e-5	3.5600541876943976e-6	3.0137624561676723e-6	3.411190734583494e-6
2.4347207898902825e-5	-3.400196658964652e-6	-1.4115448076638897e-5	-1.029171517324377e-5	1.1081452295192955e-5	-3.605474806084799e-6	-2.9754701583031994e-6	-3.4205711515262226e-6
-2.552940669585643e-5	3.85150098411732e-6	1.4601970689784341e-5	1.0603787590126063e-5	-1.1240028412251615e-5	3.652955486766355e-6	2.934107930438466e-6	3.4299699083536298e-6
2.6848034798351986e-5	-4.35467740101578e-6	-1.512878669113931e-5	-1.0938185702951422e-5	1.1405148964417143e-5	-3.702655033329756e-6	-2.8894293114558494e-6	-3.439379164356802e-6
-2.8330269238879375e-5	4.918405815545138e-6	1.5701344535466133e-5	1.129742496187061e-5	-1.157734899490988e-5	3.7547498734399597e-6	2.8411631137940056e-6	3.448790080833452e-6
3.001128170337656e-5	-5.55341106509197e-6	-1.63261512455178e-5	-1.1684421463503061e-5	1.1757232383700142e-5	-3.8094367111480594e-6	-2.789010269091371e-6	-3.4581926924668837e-6
-3.1937452988072125e-5	6.27310731381291e-6	1.701104714506915e-5	1.210257636316334e-5	-1.1945483967413659e-5	3.866935574575112e-6	2.732640234864857e-6	3.467575742842711e-6
3.41712812707417e-5	-7.0945037305970365e-6	-1.7765571672422417e-5	-1.255588280332328e-5	1.2142884403891972e-5	-3.927493479581731e-6	-2.671686822378827e-6	-3.4769265391806267e-6
-3.679912631506465e-5	8.039504190266056e-6	1.860145760896075e-5	1.304906268942468e-5	-1.235032857946931e-5	3.9913888457102444e-6	2.6057433170169413e-6	3.4862307318685353e-6
3.994390406270745e-5	-9.136816790445147e-6	-1.9533309889813552e-5	-1.3587743603736126e-5	1.2568848443853398e-5	-4.058936739851271e-6	-2.5343567976906966e-6	-3.495472102500221e-6
-4.378685914061568e-5	1.042483559746449e-5	2.0579555014703166e-5	1.4178690424633293e-5	-1.2799641709790263e-5	4.130495323541833e-6	2.4570214552112313e-6	3.5046322942808472e-6
4.860699233367529e-5	-1.1956125231899371e-5	-2.176379612242914e-5	-1.4830112441301438e-5	1.3044108238211523e-5	-4.206473647359367e-6	-2.3731707443842025e-6	-3.5136904952607187e-6
-5.485737693736052e-5	1.3804653174533422e-5	2.3116792050960077e-5	1.55520765171451e-5	-1.3303896609286041e-5	4.287341261947012e-6	2.2821680262462822e-6	3.5226230945234e-6
6.332575818844763e-5	-1.607795203919257e-5	-2.467942393688907e-5	-1.6357071872629314e-5	1.3580964417541079e-5	-4.373640129910017e-6	-2.1832954842282e-6	-3.5314032331301466e-6
-7.551111277415434e-5	1.8938616705660664e-5	2.6507276946943943e-5	1.7260795674254908e-5	-1.3877657262362967e-5	4.4659994554527395e-6	2.07574085179299e-6	3.5400003192896107e-6
9.464484367823202e-5	-2.2644662807759377e-5	-2.8677965582393783e-5	-1.8283267633876782e-5	1.4196813669604683e-5	-4.5651544334680206e-6	-1.9585813563309746e-6	-3.5483794269528683e-6
-0.0001290955491350001	2.7631146860820807e-5	3.130333047200472e-5	1.9450446767783645e-5	-1.4541906371455508e-5	4.671970003056755e-6	1.8307643581801487e-6	3.556500575510465e-6
0.00020796613586372313	-3.4691491163518654e-5	-3.455075010854159e-5	-2.079663611564965e-5	1.4917235703749177e-5	-4.7874714504882864e-6	-1.691083699697657e-6	-3.5643178928822932e-6
-0.0005067670200916419	4.5432488390560234e-5	3.8682618370132124e-5	2.2368163665186174e-5	-1.532819908885999e-5	4.912884147097463e-6	1.538150626768453e-6	3.5717785755047124e-6
-0.003488081491757341	-6.36169333438312e-5	-4.413494267407845e-5	-2.4229206657441717e-5	1.5781673898798425e-5	-5.049685761392681e-6	-1.3703578368964653e-6	-3.578821657657583e-6
-0.014548692142680189	0.00010007451577385558	5.168881773923052e-5	2.6471371340219612e-5	-1.62865738108427e-5	5.199675977015913e-6	1.1858346287695502e-6	3.5853764822703674e-6
-0.05307642146176093	-0.0001937453778541193	-6.289217129563548e-5	-2.9230189172622675e-5	1.6854677690515364e-5	-5.365070711725328e-6	-9.82390430232101e-7	-3.5913608538577655e-6
-0.14467572336805917	-0.0025801024616017324	8.12821581458808e-5	3.271513639527801e-5	-1.750190045086906e-5	5.5486317166953446e-6	7.574430243704151e-7	3.596678746125458e-6
-0.2843078704141045	-0.010536089822370778	-0.0001168855723763795	-3.7268096177569404e-5	1.8250307085196305e-5	-5.753848039185106e-6	-5.079264629870783e-7	-3.6012174216594134e-6
-0.3489755867455898	-0.04013842203034649	0.0002105513468111743	4.348735313806055e-5	-1.9131429494820406e-5	5.985195240556512e-6	2.3017148595462703e-7	3.604843875514468e-6
-0.09616710864526873	-0.11431571674796592	-0.0007155505292925911	-5.25213736460995e-5	2.0191982731043122e-5	-6.248514252083462e-6	8.025165937839246e-8	-3.607400285956192e-6
0.5673478527277547	-0.23744491202000007	-0.003584909307140377	6.687722555025728e-5	-2.1504267206530932e-5	6.551579377725607e-6	-4.287425089866217e-7	3.6086982150579615e-6
1.2180654827790014	-0.31871496567500146	-0.01506350591512075	-9.317574197763123e-5	2.3186397762410894e-5	-6.904975387724565e-6	8.219533105880189e-7	-3.6085111420173072e-6
1.11849377846533	-0.14721230036569793	-0.052182056806110766	0.0001552502380201085	-2.5445042077847457e-5	7.323498251339985e-6	-1.2681777979053137e-6	3.6065647122639687e-6
0.104821745097672	0.40658461528204964	-0.13477420140954163	-0.00040870120473513426	2.8675847922732962e-5	-7.828482192785761e-6	1.77789511707088e-6	-3.6025238631434697e-6
-1.0010423834882713	1.0387379142095858	-0.24707624340756892	-0.0025988333712963375	-3.3735291851546654e-5	8.451849853492481e-6	-2.3645465742619167e-6	3.595975604994372e-6
-1.27044836253922	1.083286727941621	-0.26830860233218745	-0.010851313206427194	4.2837193398255543e-5	-9.243565779674958e-6	3.0456706396990015e-6	-3.586405696856058e-6
-0.6967958281255276	0.26379808440631114	-0.002199568404176791	-0.039182383764160826	-6.352529992298404e-5	1.0286320610999964e-5	-3.844605206107417e-6	3.573166465627449e-6
0.010028398115883044	-0.7869766118501994	0.5677461505018856	-0.10560420873001329	0.0001376230650419087	-1.1727030456830654e-5	4.793118298909829e-6	-3.5554317225588075e-6
0.3355319683451396	-1.1694765739379664	1.0228682455014684	-0.20461553755843637	-0.0010029420726358042	1.3852211411595643e-5	-5.935617096862257e-6	3.5321323616425054e-6
0.30602518305084603	-0.7322567805772948	0.7956993265603645	-0.24518676313477888	-0.004105546039443596	-1.7296593232723113e-5	7.336161728229493e-6	-3.5018623001965336e-6
0.16605555135424993	-0.07083665485790279	-0.09736447239502011	-0.055031503543168395	-0.016986469963012195	2.375065701240051e-5	-9.0907326992964e-6	3.4627378541093102e-6
0.06404512453836973	0.28375550312058434	-0.9048159758309819	0.42184377848445037	-0.054088475090112734	-3.9215029749811464e-5	1.134998167940244e-5	-3.4121816261286315e-6
0.01841159848946013	0.291736806980997	-0.9742253699145967	0.8710383974528974	-0.12792070535219105	9.906866629157967e-5	-1.43645932921731e-5	3.346579896798687e-6
0.004387982444544065	0.16842607989908648	-0.4475111546605181	0.7737759379852274	-0.20797210746898157	-0.0009176964927681965	1.858443247970066e-5	-3.2607196371742e-6
0.0008560476581195263	0.06800741437145702	0.0822402607359906	0.04068847257296259	-0.17605261446332965	-0.0037660585048927913	-2.4902997194617435e-5	3.146823994942412e-6
-0.00025503052408861544	0.02046891167110109	0.2808113567849514	-0.7281843184039497	0.10636460266418753	-0.015454098668877836	3.536833878105279e-5	-2.992816366091624e-6
0.000140372635517959	0.004867075925416225	0.22691505640372928	-0.89139841880066	0.565830084028164	-0.04870792189662217	-5.581349990598222e-5	2.7790061832462016e-6
-9.62018743727242e-5	0.0011239132415265744	0.11490420093845108	-0.47208991297706954	0.8017008994654979	-0.11378669551426662	0.00011019646947269241	-2.471289494572184e-6
7.315485825234037e-5	-0.0002551839596732897	0.041993828788842405	0.021604010931662518	0.4504335051609631	-0.18190427318407076	-0.0004096012037548163	2.005889162440453e-6
-5.8974247712649256e-5	0.00013816475955484258	0.011466310046575882	0.23999324702766842	-0.28812022361438444	-0.14784137000494552	-0.0020987372943822007	-1.2509304304063698e-6
4.930650690332632e-5	-9.921556014406926e-5	0.0027538585311775434	0.2130440277578345	-0.775384302782699	0.10575001438171762	-0.008758270271141495	-1.0631012246761578e-7
-4.223735638757181e-5	8.064586893445867e-5	0.00038489728674544215	0.1139071472178812	-0.6612765747761563	0.5044614416203262	-0.030310613966377263	2.96904340738968e-6
3.6796974288838475e-5	-7.001975353119395e-5	-0.00016082973376189887	0.043428353992294916	-0.210309840436716	0.6936198398095299	-0.07802370880589704	-1.0881438287085669e-5
-3.244176907585944e-5	6.327025768174897e-5	0.00010017833252356291	0.01235573092944669	0.13422859030956544	0.36967663456361943	-0.14254558539364126	4.775631070424293e-5
2.8842910680009314e-5	-5.8705093509504415e-5	-7.347387694375761e-5	0.002939649385729162	0.21665400061072138	-0.2730145404833867	-0.15371040040157655	-0.0007461107130746951
-2.578909814163794e-5	5.550157343886396e-5	5.861310375584247e-5	0.000551789661620229	0.14933385008511676	-0.6779809240224892	0.0011141769304921878	-0.003068217681602948
2.313756300558844e-5	-5.321446850493574e-5	-4.916054398436522e-5	-0.00018135230856644537	0.06832194115262838	-0.5613320786713687	0.32962204032536585	-0.01242503219500866
-2.0787501018126715e-5	5.1583634611333485e-5	4.2614027595543345e-5	0.00010536190037495948	0.023001182921101544	-0.16763392702478347	0.588878211460307	-0.038483768527456476
1.866475208666946e-5	-5.044850162520163e-5	-3.7807928022660514e-5	-7.536982377738523e-5	0.005813739251915118	0.12297563267601808	0.4539618522577257	-0.08807349938628332
-1.6712466301520026e-5	4.9706221552583355e-5	3.412807528741802e-5	5.96152273446888e-5	0.0014495425500772076	0.18710084514737127	-0.061308739133483246	-0.136805953546116
1.4885098329892176e-5	-4.9289625185658026e-5	-3.122073462074864e-5	-4.995112388387335e-5	-6.283372685815464e-6	0.12653705086829733	-0.5226355760298096	-0.10331834060000622
-1.3144296480294986e-5	4.915495759687401e-5	2.8868030627888445e-5	4.3430196424032966e-5	-6.707305609590027e-6	0.05717573972140128	-0.5582918741423128	0.09562871948964852
1.1455854458453954e-5	-4.927480204339233e-5	-2.692859413224028e-5	-3.874174708603975e-5	2.571916519437058e-6	0.01902676410527728	-0.2539027422828236	0.39123283627163447
-9.787191097297491e-6	4.9633949343973175e-5	2.5306845534440005e-5	3.521721087053698e-5	1.1774396967255192e-6	0.004781919008843982	0.04925970791069404	0.5119622604993366
8.104952562779564e-6	-5.0227066882444866e-5	-2.3936020242137853e-5	-3.248068943527039e-5	-4.017917843347565e-6	0.0011803663430407785	0.16161846152578324	0.24795670743759143
-6.372345730989465e-6	5.105757536088604e-5	2.2768278913979575e-5	3.030497928668802e-5	6.226848354500294e-6	-1.829047981550993e-5	0.129829515035907	-0.23075426941838748
4.545711356261154e-6	-5.213744839571354e-5	-2.1768694519190913e-5	-2.854492812554108e-5	-8.023616158555641e-6	-5.816318040542239e-6	0.0655388873983889	-0.5091839393004287
-2.5695782718687856e-6	5.3487846651994794e-5	2.091147243657199e-5	2.7103714007126835e-5	9.547901522040212e-6	6.698344557854527e-6	0.02386718875892004	-0.4013584239352385
3.688595596791196e-7	-5.514065734680516e-5	-2.017751863421105e-5	-2.5914545715025045e-5	-1.0888631681679252e-5	-5.704993255837511e-6	0.006518959726073001	-0.10663888271996134
2.1644000407301993e-6	5.714118179456908e-5	1.9552861078362898e-5	2.4930159239324133e-5	1.2104470189242943e-5	4.674094054257877e-6	0.0015480594189881697	0.09889897193499876
-5.195147574625295e-6	-5.955245257058152e-5	-1.9027641642372944e-5	-2.411651120618599e-5	-1.323581965393471e-5	-3.8089759663299623e-6	0.00022839760689144262	0.13773509671670206
8.992639541053658e-6	6.246205137422523e-5	1.8595519302513477e-5	2.3448856203581853e-5	1.4311781113841718e-5	3.100672704583176e-6	-0.0001061159820710452	0.09034185083745754
-1.4031810637236927e-5	-6.599299497148383e-5	-1.8253404456396092e-5	-2.2909244795118435e-5	-1.5354298282934738e-5	-2.5154483640115156e-6	7.25796204524656e-5	0.03999003881378873
2.123586566195812e-5	7.03215884133913e-5	1.8001503770208887e-5	2.248490841389648e-5	1.638071957289548e-5	2.0237826795123537e-6	-5.786536606306108e-5	0.013058803673933271
-3.264825791043671e-5	-7.570785234293003e-5	-1.7843713287565696e-5	-2.216722706942324e-5	-1.7405450801704777e-5	-1.603369812663178e-6	4.978037562578544e-5	0.0032495324209856602
5.371473825956791e-5	8.255000960340607e-5	1.7788472837029374e-5	2.19511055793595e-5	1.8441073798025743e-5	1.2378154071036964e-6	-4.474302827790598e-5	0.0007915475104362368
-0.00010379859341285124	-9.148829867431376e-5	-1.7850314667206066e-5	-2.183466278071378e-5	-1.9499148135162646e-5	-9.15027682236132e-7	4.13542138284274e-5	-3.209813042556471e-5
0.0002973900016612522	0.0001036188444048384	1.8052558162086808e-5	2.1819192181808925e-5	2.0590827511919862e-5	6.259649522487744e-7	-3.896054440186253e-5	1.4060133435171543e-6
-0.0029609255347369393	-0.00012098080734693488	-1.843203775727259e-5	-2.1909396452200675e-5	-2.1727375239482455e-5	-3.637487397302704e-7	3.7217454223105715e-5	4.025327577033146e-6
-0.012256468321637308	0.00014782407968450318	1.9047680433219544e-5	2.211394398396226e-5	2.2920638347142138e-5	1.230496538919411e-7	-3.592663359607029e-5	-5.678797749090489e-6
-0.050173943782204015	-0.0001945761052356099	-1.9996887051108256e-5	-2.2446456406937544e-5	-2.4183527756836742e-5	1.0033859958161375e-7	3.496625669666182e-5	6.360643692053461e-6
-0.1581481560485764	0.0002940977387172499	2.1449023848976577e-5	2.2927130695392943e-5	2.553054849522262e-5	-3.097979702237838e-7	-3.425767673262879e-5	-6.709012985910634e-6
-0.36918538909314613	-0.0006018968348039133	-2.3720173433818125e-5	-2.3585363743523263e-5	-2.6978427839273407e-5	5.080985007241388e-7	3.374816764319746e-5	6.921759532914729e-6
-0.5898060846609795	-0.005521227912728249	2.746009372705895e-5	2.4464053035453587e-5	2.8546901130496897e-5	-6.975517775527057e-7	-3.3401379556716136e-5	-7.073684362327499e-6
-0.47844514710147606	-0.02286476373139823	-3.4196599184643575e-5	-2.5626851972915463e-5	-3.0259736321925744e-5	8.801235668283385e-7	3.3191776341400306e-5	7.197247217013058e-6
0.3446680613018599	-0.08556178783832297	4.829607692929214e-5	2.7170930117368175e-5	3.2146114439330056e-5	-1.0575175162195849e-6	-3.310125408485779e-5	-7.308056478684565e-6
1.6369817077596502	-0.2396575051204659	-8.667676217128441e-5	-2.925065383719169e-5	-3.424254342526604e-5	1.2312378371818297e-6	3.311701586911574e-5	7.414261240514987e-6
2.2478119591426724	-0.48723277744592175	0.0002616844656650605	3.21246074998631e-5	3.659558296165625e-5	-1.402636277798828e-6	-3.323020312852495e-5	-7.520435969316686e-6
1.195181156947954	-0.6324013431716284	-0.0034577653932671396	-3.625729342999648e-5	-3.9265829484066114e-5	1.5729463349432067e-6	3.343500222709392e-5	7.62933863954874e-6
-0.8881561914505527	-0.24816399815681217	-0.014073974474001435	4.2564751075500846e-5	4.23339142007502e-5	-1.7433058459964943e-6	-3.372806242757652e-5	-7.742766442634041e-6
-2.1981427394754665	0.889876248030762	-0.05720923313069751	-5.310179408599181e-5	-4.590982276467922e-5	1.9147674114587542e-6	3.410812757011526e-5	7.86199858758368e-6
-1.8176207214837592	2.116294166610502	-0.17738570888197253	7.3424073190488e-5	5.014791054795074e-5	-2.088293462455768e-6	-3.457582323023132e-5	-7.988038376441241e-6
-0.5412270021379125	2.1020852621229453	-0.40687963748205275	-0.00012364036362538032	-5.5272136261114224e-5	2.264728889151231e-6	3.5133565614064595e-5	8.12175276180044e-6
0.399470892209098	0.39442898595981246	-0.6337599785532329	0.00032566550745689654	6.162063963782229e-5	-2.444737728573202e-6	-3.578557478446427e-5	-8.263957723193427e-6
0.6063130785712951	-1.659631001042782	-0.48231578916171625	-0.0032909843536508216	-6.972938752052237e-5	2.628678564277973e-6	3.65379872520183e-5	8.41547443588805e-6
0.40968572050352253	-2.312563467871058	0.4356571106317504	-0.01347705267513428	8.050123720999302e-5	-2.816370446607417e-6	-3.73990738555306e-5	-8.577169595918356e-6
0.18504096752527646	-1.3769054372134777	1.8070791473617356	-0.055162798146812506	-9.558123059822093e-5	3.006656188359874e-6	3.837957990050932e-5	8.74998778901545e-6
0.061523270188818174	-0.0768709916444387	2.3762898141943367	-0.17311089953892983	0.00011829726089414695	-3.1965764200515437e-6	-3.9493217930038676e-5	-8.934980703964814e-6
0.015480003668794477	0.5809558698541487	1.1623278335832037	-0.4024393090041529	-0.00015643056596528404	3.379763283227519e-6	4.0757361974979466e-5	9.133336249950029e-6
0.0037981635458988255	0.5687060223687451	-1.0576080380576731	-0.6389598125713116	0.00023230975219714687	-3.5431904823326576e-6	-4.219401859983967e-5	-9.346410138339933e-6
-4.4181824072512854e-5	0.32030589882160143	-2.359375985550534	-0.5105851090947139	-0.0004253971432910046	3.660246810717045e-6	4.383119079913159e-5	9.57576223803172e-6
-3.557226895111649e-5	0.1270557092526274	-1.868716527284982	0.38944183163772	-0.005351554326229538	-3.674953703176805e-6	-4.570481599115463e-5	-9.823199902030974e-6
3.8979074269849684e-5	0.03753112896622681	-0.5026832417801466	1.7853407870936575	-0.021982364034151075	3.4627724189344847e-6	4.786156626041715e-5	1.009083092223791e-5
-3.6015449402261525e-5	0.008949187974842059	0.4554127734873211	2.4256661253387795	-0.08365025183089925	-2.7216618542394452e-6	-5.0362981194556285e-5	-1.0381129638393083e-5
3.282250306445661e-5	0.0019284410242452741	0.6394132473060762	1.2646000795786487	-0.23844763133709151	6.195037396188764e-7	5.329172528522313e-5	1.0697020540874123e-5
-3.011963075476435e-5	-0.00047263314613346473	0.4206904391052544	-0.9879949336049001	-0.49546002074828555	5.620347039716975e-6	-5.676135195954727e-5	-1.1041985212328357e-5
2.790271988822397e-5	0.000245336293028312	0.18655294811609308	-2.380942249021659	-0.6656670917585462	-2.8577635348144763e-5	6.0932089659392505e-5	1.1420200975887385e-5
-2.607454472041349e-5	-0.0001645816916080538	0.06107052371411642	-1.9481054602100496	-0.30857273567497906	0.00016734857975308102	-6.603745885845554e-5	-1.1836722670426029e-5
2.4546063003380475e-5	0.0001243121051527336	0.015174595634097836	-0.5665107570825461	0.8469367255396942	-0.003809034652329665	7.243146332011129e-5	1.2297723695860516e-5
-2.3248984208883438e-5	-0.00010029708638554088	0.00373802202154563	0.43946454355846787	2.1679805365109845	-0.015486826158709513	-8.067752250794205e-5	-1.2810819741090467e-5
2.213280351464187e-5	8.433575614300174e-5	-0.00017034244651582123	0.6538532895146687	2.263681981493703	-0.06229195455429867	9.172921725477899e-5	1.3385508954454388e-5
-2.1160199957290662e-5	-7.293464952926568e-5	3.3345502197724554e-5	0.4389227151617642	0.5544324441159705	-0.19025924481424597	-0.00010733457401292144	-1.4033777667050104e-5
2.0303301108091367e-5	6.436391502141783e-5	-1.0426341117792592e-5	0.19733614210527528	-1.640996598079615	-0.42891407689305605	0.00013106083699916104	1.4770943355967158e-5
-1.95409923696226e-5	-5.767133602104621e-5	4.049145866917433e-6	0.06537693603728797	-2.4426432061430496	-0.6516672704869877	-0.00017136922266218106	-1.561683742683516e-5
1.8857036874529362e-5	5.2289983891782744e-5	-1.7885943451319076e-6	0.016384451645043686	-1.5314335894131474	-0.46361518390251344	0.0002532477964687369	1.659746649502343e-5
-1.823876528283252e-5	-4.7861294335463e-5	8.917521037218875e-7	0.004038024951832196	-0.14965482545003872	0.5133439054613363	-0.00047464464227603653	-1.7747308569217136e-5
1.7676155284246143e-5	4.414733837095859e-5	-5.29920026732515e-7	-9.033539890964111e-5	0.5920956534046282	1.9052597090896468	-0.005370706302504342	1.911229321276764e-5
-1.7161176925294995e-5	-4.098395137639066e-5	4.006152122163023e-7	-1.0133527319747041e-5	0.6096145535941249	2.4039392189761664	-0.022131878333213437	-2.0752849332444307e-5
1.6687320682753594e-5	3.825413738725417e-5	-3.781926626365716e-7	1.898700017729538e-5	0.35210991019888216	1.076007286439872	-0.08383347685775489	2.274337194181642e-5
-1.624925241261519e-5	-3.587221030452755e-5	4.0558757009094613e-7	-1.8372585604864056e-5	0.1422944425950039	-1.1861289099138534	-0.2378958849664341	-2.5150810853446854e-5
1.5842557643572098e-5	3.37739353620532e-5	-4.5524645807004673e-7	1.650320824263032e-5	0.042797146401665445	-2.4217252215596887	-0.49150913839494315	2.7907327952739034e-5
-1.5463549678963222e-5	-3.191017953844625e-5	5.133379451912748e-7	-1.4676519795881977e-5	0.010225735824815537	-1.8404439602355245	-0.6545295024511584	-3.0084936224918878e-5
1.5109123756526068e-5	3.0242695191785194e-5	-5.727936213508901e-7	1.3103483031168272e-5	0.0023141471333812296	-0.44285915402190107	-0.29147382329449645	2.4720877216987055e-5
-1.4776644932210788e-5	-2.8741244663887506e-5	6.30025489284276e-7	-1.178320825240969e-5	-0.0004911433837745004	0.49190469490431266	0.855462753889346	6.369416639130636e-5
1.446386100990782e-5	2.738159302390579e-5	-6.832921524901377e-7	1.0675770234821055e-5	0.00024559203087105874	0.6457243901558926	2.146839339439942	-0.003958709706650465
-1.416883423529724e-5	-2.6144077524314888e-5	7.31850200234311e-7	-9.740423641309587e-6	-0.0001632054329436406	0.41438870731138955	2.2127419855981447	-0.016093207122632708
1.3889887154144357e-5	2.5012568983681314e-5	-7.754984774611193e-7	8.943281888982202e-6	0.00012329749533797314	0.1806215970273105	0.5094415385265803	-0.06406412349269089
-1.3625559353017638e-5	-2.3973705119903596e-5	8.143270569176144e-7	-8.257647664384696e-6	-9.988838774790758e-5	0.058228566453584665	-1.6407946008647445	-0.19290576554053548
1.3374572670544567e-5	2.301631611319058e-5	-8.485764526498404e-7	7.662767849229799e-6	8.4484940554024e-5	0.014332645619084889	-2.3995323899834853	-0.42778429012958563
-1.3135802919481694e-5	-2.2130988268436527e-5	8.785579447279698e-7	-7.1424895924397585e-6	-7.355052215234968e-5	0.00351071289629625	-1.4844435439454973	-0.6345156422084308
1.2908256714158729e-5	2.1309728401775547e-5	-9.046084694133365e-7	6.684150949799477e-6	6.536173922298527e-5	-0.0002594241359713162	-0.12920394167995364	-0.420949119764688
-1.2691052504502e-5	-2.0545702838048327e-5	9.270653376779998e-7	-6.277732931960459e-6	-5.8981129060743067e-5	8.0294182798812e-5	0.5872573871290138	0.5606967558403978
1.24834048218259e-5	1.983303228491594e-5	-9.462525599701747e-7	5.9152275776423645e-6	5.3855624561621136e-5	-4.0682443628458555e-5	0.5965045652816242	1.8981728637536641
-1.228461106731342e-5	-1.9166628966624493e-5	9.624739643808365e-7	-5.590169754941545e-6	-4.9637949977968996e-5	2.591459312717442e-5	0.3422483942786073	2.3038837459803623
1.2094040583894328e-5	1.854206627073391e-5	-9.760102147104112e-7	5.297289295470211e-6	4.609901180814861e-5	-1.8684694076179844e-5	0.13764007727586744	0.9395042145986682
-1.1911125372177116e-5	-1.795547355844168e-5	9.871181096375327e-7	-5.032250754979332e-6	-4.308150088310156e-5	1.4517899071408282e-5	0.0411980433636856	-1.2427183457004607
1.1735352181588034e-5	1.7403450497380515e-5	-9.96031221541061e-7	4.791457001582734e-6	4.047375569689105e-5	-1.1845216156808938e-5	0.009840847682688515	-2.3529271094894364
-1.1566255896508511e-5	-1.6882996911553774e-5	1.002961183271657e-6	-4.571899634214149e-6	-3.81942723879525e-5	9.997511714794296e-6	0.0021972884461290273	-1.7197662630234267
1.1403413803078565e-5	1.6391454971942048e-5	-1.0080992610691457e-6	4.371043958444905e-6	3.618212561926866e-5	-8.64784211200687e-6	-0.00048257039701583176	-0.36658405138064676
-1.1246440667281542e-5	-1.5926461113669884e-5	1.0116181020281575e-6	-4.186739614956142e-6	-3.439082671265035e-5	7.619710580884888e-6	0.00024212549967163685	0.4989323588499148
1.1094984539548453e-5	1.548590595684085e-5	-1.0136734759890608e-6	4.017150629973902e-6	3.278426127210518e-5	-6.8103012799993065e-6	-0.00016019837782742453	0.6182038832453094
-1.0948723096762073e-5	-1.5067900668280615e-5	1.0144058738042726e-6	-3.860700153464451e-6	-3.1333928372543655e-5	6.1560186021605055e-6	0.00012021104896547109	0.38778937518985157
1.080736045064327e-5	1.4670748510875077e-5	-1.0139420375169568e-6	3.7160263308779747e-6	3.0017019170255143e-5	-5.6155738862084425e-6	-9.666104561448727e-5	0.16634671584649474
-1.0670624394417581e-5	-1.429292079116519e-5	1.0123963987269403e-6	-3.5819469240222197e-6	-2.8815051355779324e-5	5.161069048313297e-6	8.113233996644198e-5	0.05286134066910593
1.0538263997736074e-5	1.3933036313318521e-5	-1.009872311929791e-6	3.4574307232839973e-6	2.771288011717192e-5	-4.773012289912554e-6	-7.009863428222859e-5	0.012906791311221515
-1.041004745561738e-5	-1.3589843820452241e-5	1.0064631982717548e-6	-3.3415741708757453e-6	-2.6697969673811405e-5	4.437392084759115e-6	6.18340343572926e-5	0.003136529261888843
1.02857602415305e-5	1.3262206918271057e-5	-1.0022536039296664e-6	3.2335822102759056e-6	2.5759848599914874e-5	-4.143886847428098e-6	-5.539666456947448e-5	-0.00031860249938266984
-1.0165203465862758e-5	-1.2949091029556838e-5	9.973200891966481e-7	-3.1327525401518134e-6	-2.4889696796057375e-5	3.8847297436551235e-6	5.022946580183338e-5	0.00011835928111124628
1.0048192397982724e-5	1.264955215236673e-5	-9.917320478434914e-7	3.038462477978408e-6	2.4080028342524938e-5	-3.653966307844669e-6	-4.5981965900576785e-5	-6.737656097585212e-5
-9.934555181342578e-6	-1.2362727045435308e-5	9.855524586991375e-7	-2.9501579852607194e-6	-2.3324445233859237e-5	3.446955694529917e-6	4.2422595920889506e-5	4.631875715030946e-5
9.824131694291526e-6	1.208782469374909e-5	-9.788385160063547e-7	2.867344522506559e-6	2.2617444099173462e-5	-3.2600274640309673e-6	-3.939214115837949e-5	-3.517258900080886e-5
-9.71677251067683e-6	-1.1824118846802632e-5	9.71642206172194e-7	-2.7895792860658924e-6	-2.1954262927726226e-5	3.0902403015693646e-6	3.6777467213969895e-5	2.8343616533601444e-5
9.612337966314428e-6	1.1570941448009763e-5	-9.64010847960476e-7	2.7164646142453616e-6	2.1330758522283193e-5	-2.935209155496133e-6	-3.449592248557015e-5	-2.374356335768291e-5
-9.510697384506124e-6	-1.1327676882385566e-5	9.559875276920808e-7	-2.647642430442342e-6	-2.0743307750702114e-5	2.7929792958801445e-6	3.2485678741634814e-5	2.043414560741395e-5
9.411728291132739e-6	1.1093756885527462e-5	-9.476115127683572e-7	2.5827894561719015e-6	2.0188727164203794e-5	-2.661933038182729e-6	-3.06995301212269e-5	-1.7936060287862304e-5
-9.315315747154257e-6	-1.0868656028432497e-5	9.389186417378913e-7	-2.5216130862376715e-6	-1.9664207231424373e-5	2.540719680330014e-6	2.9100787175547855e-5	1.598038959318408e-5
9.22135181667241e-6	1.0651887727302645e-5	-9.299416218866956e-7	2.463847875924529e-6	1.916725822065262e-5	-2.4282023101788235e-6	-2.766048379968434e-5	-1.4405084554381958e-5
-9.12973492922934e-6	-1.0443000716016611e-5	9.20710337131245e-7	-2.409252488452397e-6	-1.8695665199855952e-5	2.3234168137543573e-6	2.635543177252839e-5	1.3106855906027974e-5
9.040369447631535e-6	1.0241575830229835e-5	-9.112521165346057e-7	2.357607015094845e-6	1.8247450524714062e-5	-2.225539934705024e-6	-2.5166837034961324e-5	-1.2016819045127081e-5
-8.953165245860515e-6	-1.0047223208089861e-5	9.01591960244548e-7	-2.308710683451603e-6	-1.7820842415136216e-5	2.1338642539010684e-6	2.407929683643755e-5	1.1087290564146129e-5
8.868037213330011e-6	9.859579789084356e-6	-8.917527534388011e-7	2.262379851005181e-6	1.7414248402383318e-5	-2.0477783290759833e-6	-2.3080060646643333e-5	-1.02842175303071e-5
-8.784904992593637e-6	-9.678306949490955e-6	8.817554542745617e-7	-2.2184462060054294e-6	-1.7026232814452557e-5	1.966750734871453e-6	2.2158477232957898e-5	9.582628701468716e-6
8.703692577390904e-6	9.50308855015222e-6	-8.716192876282719e-7	2.1767552360896634e-6	1.6655497632026954e-5	-1.8903172468385347e-6	-2.1305575169147912e-5	-8.9637911080037e-6
-8.624328008331929e-6	-9.333629071862042e-6	8.613618567326298e-7	-2.137164864775684e-6	-1.6300866135603448e-5	1.8180704535073093e-6	2.0513740587130726e-5	8.413371250538574e-6
8.54674315413812e-6	9.169651889500629e-6	-8.509993154622932e-7	2.099544220031024e-6	1.596126877153043e-5	-1.749651166271811e-6	-1.9776466866046956e-5	-7.920210383797386e-6
-8.470873353046495e-6	-9.010897879630716e-6	8.405465138413873e-7	-2.0637725757102543e-6	-1.56357310458981e-5	1.6847413992662446e-6	1.9088158069257137e-5	7.475487538745113e-6
8.396657274351225e-6	8.857123967386818e-6	-8.300170306139352e-7	2.029738413336385e-6	1.5323363048065618e-5	-1.6230585756181388e-6	-1.844397304849539e-5	-7.072134374941351e-6
-8.324036662409274e-6	-8.70810192801985e-6	8.194233765082202e-7	-1.9973385550677534e-6	-1.5023350246785957e-5	1.5643506290807332e-6	1.7839700765647472e-5	6.704417652390832e-6
8.25295610022441e-6	8.563617290999862e-6	-8.087770392407952e-7	1.966477403144233e-6	1.473494560389141e-5	-1.5083919231713027e-6	-1.72716597582067e-5	-6.367635889375552e-6
-8.183362908578952e-6	-8.423468242850108e-6	7.9808852643573e-7	-1.937066313297844e-6	-1.4457462586474031e-5	1.4549798545245065e-6	1.673661633852298e-5	6.057895416131152e-6
8.11520690772227e-6	8.287464795967284e-6	-7.873675518630634e-7	1.9090229313427728e-6	1.4190269042190671e-5	-1.4039319272596365e-6	-1.6231717628054428e-5	-5.7719424762387516e-6
-8.048440284954001e-6	-8.155427859996545e-6	7.766229939861094e-7	-1.8822706633075837e-6	-1.3932781869711285e-5	1.3550832416318637e-6	1.5754436421169784e-5	5.507035668338652e-6
7.983017460417148e-6	8.027188481559532e-6	-7.658630209247043e-7	1.8567382529323154e-6	1.3684462237690764e-5	-1.3082844398417803e-6	-1.5302525370480196e-5	-5.260847929524033e-6
-7.918894941708166e-6	-7.902587184882724e-6	7.550951561507038e-7	-1.8323592350163666e-6	-1.344481141525646e-5	1.2633998644713662e-6	1.4873978769303993e-5	5.031390275356228e-6
7.856031201171989e-6	7.781473238194848e-6	-7.443262633615333e-7	1.8090716097163415e-6	1.3213367029370135e-5	-1.2203059676412776e-6	-1.446700053267472e-5	-4.816951827969086e-6
-7.794386555991928e-6	-7.663704117036355e-6	7.33562701163631e-7	-1.7868175055188467e-6	-1.2989699788180911e-5	1.1788900073283292e-6	1.4079977133675451e-5	4.616052292805068e-6
7.733923090310506e-6	7.549144936520652e-6	-7.228102668852735e-7	1.7655427567244433e-6	1.2773410490268814e-5	-1.1390488419429188e-6	-1.371145467210129e-5	-4.4274039413061244e-6
-7.674604507826815e-6	-7.437667932322799e-6	7.120742795997143e-7	-1.7451967171150742e-6	-1.2564127394214407e-5	1.1006879222534154e-6	1.336011937588011e-5	4.249880856527455e-6
7.616396077809473e-6	7.3291520133356355e-6	-7.013596578566005e-7	1.7257319330323373e-6	1.236150393248351e-5	-1.063720387325951e-6	-1.3024780895491919e-5	-4.082493958783087e-6
-7.559264553219609e-6	-7.2234823188193705e-6	6.906708591296556e-7	-1.707103892293312e-6	-1.216521644348704e-5	1.0280662883297538e-6	1.2704357936504582e-5	3.924370602151972e-6
7.503178040057532e-6	7.1205498349718415e-6	-6.800119973580209e-7	1.689270869352692e-6	1.1974962398750903e-5	-9.936519125692012e-7	-1.2397865921813393e-5	-3.774737667113764e-6
-7.448105989529824e-6	-7.020251008296465e-6	6.69386840164847e-7	-1.6721936201436305e-6	-1.1790458685100672e-5	9.604091486154326e-7	1.2104406276707336e-5	3.6329075679887128e-6
7.394019087424634e-6	6.922487425945379e-6	-6.587988128640157e-7	1.6558352930133873e-6	1.1611439893620664e-5	-9.282749864705343e-7	-1.1823157091202949e-5	-3.4982666128041083e-6
-7.340889181887509e-6	-6.827165494499609e-6	6.482510630466183e-7	-1.6401612273171605e-6	-1.1437657139209566e-5	8.971909947552855e-7	1.1553365060343184e-5	3.3702651738356034e-6
7.288689264494294e-6	6.73419613772575e-6	-6.377464570647918e-7	1.6251387403839645e-6	1.126887666321299e-5	-8.671029511327496e-7	-1.1294338369255437e-5	-3.2484094224314428e-6
-7.237393368251935e-6	-6.6434945458449035e-6	6.272876066373235e-7	-1.610737100786132e-6	-1.1104878635750437e-5	8.379604556168664e-7	1.1045440451106907e-5	3.1322543388328996e-6
7.186976536606709e-6	6.554979909753538e-6	-6.168768865455364e-7	1.596927299923585e-6	1.0945456281447254e-5	-8.097165164414447e-7	-1.0806084549791242e-5	-3.0213977394644078e-6
-7.137414774633843e-6	-6.468575188178212e-6	6.065164610363626e-7	-1.583681956702386e-6	-1.0790414735312635e-5	7.823273895510081e-7	1.0575728875484514e-5	2.915475153144039e-6
7.088684990971833e-6	6.384206900391883e-6	-5.962082857314362e-7	1.570975254493308e-6	1.0639570277038555e-5	-7.557522094363885e-7	-1.0353872314508103e-5	-2.814155461104427e-6
-7.040764960157382e-6	-6.301804913681034e-6	5.859541284168656e-7	-1.5587827698203763e-6	-1.049274956677856e-5	7.299527278358288e-7	1.0140050652970878e-5	2.7171371145970968e-6
6.993633279266421e-6	6.221302255311961e-6	-5.757555950317627e-7	1.5470814208111405e-6	1.0349788781362114e-5	-7.04893215493268e-7	-9.93383323347568e-6	-2.6241448288996883e-6
-6.94726933377085e-6	-6.1426349436558175e-6	5.656141167847619e-7	-1.535849378748033e-6	-1.0210533099340925e-5	6.805401324316151e-7	9.734819883176286e-6	2.534926784013085e-6
6.901653247965896e-6	6.065741817100234e-6	-5.555309822812519e-7	1.5250659734610633e-6	1.0074836024762807e-5	-6.568620268745145e-7	-9.542638281171008e-6	-2.449252123918893e-6
-6.856765862228889e-6	-5.990564381227259e-6	5.455073489212888e-7	-1.5147116225779375e-6	-9.942558784231774e-6	6.33829372381747e-7	9.35694158379448e-6	2.3669087752895022e-6
6.812588699650828e-6	5.91704666630691e-6	-5.355442348596786e-7	1.504767775571022e-6	9.81356990034326e-6	-6.11414360927404e-7	-9.177406149967398e-6	-2.28770157648032e-6
-6.769103926037349e-6	-5.8451350961294965e-6	5.256425441515171e-7	-1.4952168397679259e-6	-9.687744665136383e-6	5.895908725835617e-7	9.003729739388827e-6	2.2114505884656147e-6
6.7262943239471685e-6	5.77477835312505e-6	-5.158030759550207e-7	1.486042113955629e-6	9.564964689269858e-6	-5.683342537662243e-7	-8.835629708042665e-6	-2.137989610710935e-6
-6.684143276681092e-6	-5.705927266134994e-6	5.06026521388515e-7	-1.47722775649599e-6	-9.445117543976944e-6	5.476212519802237e-7	8.672841367424185e-6	2.067164883874985e-6
6.642634728535021e-6	5.638534707936868e-6	-4.963134760742848e-7	1.468758713163693e-6	9.328096362908405e-6	-5.274299566349642e-7	-8.515116700634969e-6	-1.9988339534940778e-6
-6.601753153443728e-6	-5.572555468115813e-6	4.866644553485775e-7	-1.4606206753963676e-6	-9.213799480193327e-6	5.077396092695748e-7	8.362222938799978e-6	1.932864587513493e-6
6.56148356163119e-6	5.50794617673915e-6	-4.770798876964685e-7	1.4528000465033274e-6	9.102130156999282e-6	-4.885306080677634e-7	-8.213941452085585e-6	-1.8691338980229626e-6
-6.52181144655211e-6	-5.444665214023948e-6	4.675601233024191e-7	-1.4452838887094392e-6	-8.99299624322687e-6	4.697844034354279e-7	8.07006670893595e-6	1.8075275462874061e-6
