-2.6990393750398094e-6	8.064930011945213e-6	1.105128989513662e-6	2.1363123575672004e-6	4.805943605884987e-6	-2.0792641868702396e-6	-6.52116632239437e-6	-2.123934930598688e-6
2.710507165396766e-6	-8.107318616857624e-6	-1.1275333138886098e-6	-2.162234385712331e-6	-4.819786998886775e-6	2.077029761119751e-6	6.552476092329225e-6	2.129404458862645e-6
-2.7221913410896857e-6	8.150220279995526e-6	1.150257027924386e-6	2.1884985634046766e-6	4.8337296413244e-6	-2.0747559086701934e-6	-6.584116265454055e-6	-2.134923234724759e-6
2.7340977182464326e-6	-8.193644971969122e-6	-1.1733072375159442e-6	-2.2151120249614304e-6	-4.84777235748233e-6	2.0724416839088456e-6	6.616092487686031e-6	2.140491979491108e-6
-2.7462323148256443e-6	8.23760294242622e-6	1.1966912683397655e-6	2.2420821012219504e-6	4.861915967824863e-6	-2.070086103940502e-6	-6.648410525086856e-6	-2.1461114241165462e-6
2.758601365637526e-6	-8.282104723997303e-6	-1.220416659053992e-6	-2.2694163539569433e-6	-4.876161278379291e-6	2.067688181524776e-6	6.6810762848445065e-6	2.1517823176893777e-6
-2.771211325976749e-6	8.327161128066657e-6	1.2444911872321345e-6	2.2971225406698273e-6	4.890509106419478e-6	-2.0652468761554063e-6	-6.714095824860203e-6	-2.157505422874927e-6
2.7840688782040512e-6	-8.37278327880341e-6	-1.2689228681846813e-6	-2.32520866334258e-6	-4.90496025186544e-6	2.0627611118990527e-6	6.74747533449053e-6	2.1632815166121435e-6
-2.7971809484216005e-6	8.418982609226097e-6	1.2937199751290388e-6	2.353682956115417e-6	4.919515514117474e-6	-2.0602298063688393e-6	-6.7812211692191355e-6	-2.1691113985979656e-6
2.8105547197580924e-6	-8.465770869721362e-6	-1.3188910308315024e-6	-2.3825538902739517e-6	-4.934175685837289e-6	2.0576518163979817e-6	6.815339830592614e-6	2.1749958751089614e-6
-2.8241976303377473e-6	8.51316015299618e-6	1.3444448343763382e-6	2.4118302022103234e-6	4.948941549047497e-6	-2.0550259653358383e-6	-6.849837981773464e-6	-2.1809357770298285e-6
2.8381173989882996e-6	-8.561162899125744e-6	-1.370390475818376e-6	-2.4415208850817485e-6	-4.9638138792563146e-6	2.052351058082316e-6	6.884722463913683e-6	2.1869319540091516e-6
-2.852322032786318e-6	8.609791906393057e-6	1.3967373209162556e-6	2.4716352099884827e-6	4.978793438003122e-6	-2.049625841043181e-6	-6.920000267852168e-6	-2.1929852637312215e-6
2.8668198388987104e-6	-8.659060345950655e-6	-1.4234950566690494e-6	-2.5021827266872526e-6	-4.993880980897157e-6	2.046849021911054e-6	6.9556785825569536e-6	2.199096594451515e-6
-2.8816194409743143e-6	8.708981786660932e-6	1.4506736832180624e-6	2.533173293630483e-6	5.0090772439290035e-6	-2.044019281211336e-6	-6.99176477417757e-6	-2.2052668469056825e-6
2.8967297912960917e-6	-8.759570195329614e-6	-1.4782835296051588e-6	-2.564617064470163e-6	-5.024382950802246e-6	2.0411352395266816e-6	7.028266383185785e-6	2.2114969403227554e-6
-2.9121601925490115e-6	8.810839956058946e-6	1.5063352775542857e-6	2.5965245137115855e-6	5.039798813698846e-6	-2.0381954752877397e-6	-7.0651911710119355e-6	-2.2177878212704665e-6
2.92792030570578e-6	-8.862805899783611e-6	-1.5348399617997451e-6	-2.628906466013254e-6	-5.055325518395977e-6	2.035198528944104e-6	7.1025470836242506e-6	2.224140445859248e-6
-2.944020175218363e-6	8.91548330425457e-6	1.563809001776838e-6	2.6617740694776532e-6	5.070963735888964e-6	-2.032142878256447e-6	-7.140342274087283e-6	-2.230555803262284e-6
2.960470242656481e-6	-8.968887920023888e-6	-1.5932542032048217e-6	-2.6951388461966916e-6	-5.086714116446198e-6	2.029026958649033e-6	7.178585126925145e-6	2.2370349015367273e-6
-2.9772813702533753e-6	9.023035994518845e-6	1.6231877836057997e-6	2.7290126982429e-6	5.102577284903834e-6	-2.0258491481004925e-6	-7.217284237479724e-6	-2.2435787576233526e-6
2.994464858796452e-6	-9.077944284252152e-6	-1.6536223896418673e-6	-2.7634079105497877e-6	-5.118553835896031e-6	2.022607769558699e-6	7.256448432608171e-6	2.250188436809755e-6
-3.0120324680229022e-6	9.13363007738336e-6	1.6845711174786925e-6	2.7983371783342425e-6	5.134644342706168e-6	-2.0193010890039657e-6	-7.296086787374838e-6	-2.2568650126041078e-6
3.0299964509985805e-6	-9.190111223587096e-6	-1.7160475241339864e-6	-2.8338136264389295e-6	-5.1508493471267715e-6	2.0159273067625132e-6	7.33620861897186e-6	2.263609574953523e-6
-3.048369560512841e-6	9.247406149133945e-6	1.7480656607321712e-6	2.869850828477158e-6	5.167169346131935e-6	-2.012484568428946e-6	-7.376823497872234e-6	-2.2704232639812323e-6
3.0671650912815255e-6	-9.305533881748231e-6	-1.7806400936353651e-6	-2.9064628063987433e-6	-5.183604816418053e-6	2.0089709441042204e-6	7.417941270204919e-6	2.277307227307065e-6
-3.0863969065684055e-6	9.364514087919018e-6	1.8137859109650295e-6	2.943664081030559e-6	5.2001561844539945e-6	-2.0053844402566613e-6	-7.459572051964328e-6	-2.2842626404582773e-6
3.106079452534345e-6	-9.424367086845821e-6	-1.8475187783441235e-6	-2.981469677297001e-6	-5.216823830957439e-6	2.001722993548593e-6	7.501726241858406e-6	2.29129071689527e-6
-3.126227813855457e-6	9.485113884622334e-6	1.8818549365081437e-6	3.0198951394882517e-6	5.233608101407004e-6	-1.997984456071496e-6	-7.544414545456919e-6	-2.29839269241834e-6
3.146857726932247e-6	-9.546776212150702e-6	-1.9168112418288086e-6	-3.0589565744010753e-6	-5.2505092805417315e-6	1.9941666107090073e-6	7.587647967621759e-6	2.3055698307539614e-6
-3.167985626273062e-6	9.60937654589432e-6	1.9524052066084587e-6	3.0986706591950506e-6	5.267527602066535e-6	-1.990267157204871e-6	-7.631437831457882e-6	-2.3128234318318817e-6
3.1896286840045636e-6	-9.672938150819547e-6	-1.9886550056633524e-6	-3.139054681313841e-6	-5.284663238636252e-6	1.986283700283673e-6	7.675795801535231e-6	2.320154825245197e-6
-3.211804838418253e-6	9.73748511246572e-6	2.0255795317958007e-6	3.180126558767978e-6	5.301916304432509e-6	-1.98221376530821e-6	-7.720733876618576e-6	-2.327565368420331e-6
3.2345328597848717e-6	-9.803042380485613e-6	-2.0631984238062427e-6	-3.221904866051777e-6	-5.319286838573878e-6	1.978054781392024e-6	7.76626441380588e-6	2.3350564642798753e-6
-3.2578323695895167e-6	9.869635803265978e-6	2.1015321001286365e-6	3.26440887985322e-6	5.3367748056645e-6	-1.9738040711659495e-6	-7.8124001497325e-6	-2.342629537892103e-6
3.281723914315657e-6	-9.937292173535376e-6	-2.1406018055707892e-6	-3.307658605075067e-6	-5.354380098886756e-6	1.9694588630845473e-6	7.85915420069621e-6	2.350286056151495e-6
-3.306229006644731e-6	1.0006039281282432e-5	2.180429647495384e-6	3.351674800431393e-6	5.372102513370904e-6	-1.9650162787978536e-6	-7.906540080810493e-6	-2.358027530474312e-6
3.3313701784477586e-6	-1.0075905947978695e-5	-2.221038650124788e-6	-3.3964790285574406e-6	-5.389941758331252e-6	1.960473315061525e-6	7.95457173245098e-6	2.3658554956149558e-6
-3.3571710616623478e-6	1.0146922095688797e-5	2.2624527893764326e-6	3.4420936983864358e-6	5.407897444089769e-6	-1.955826856989949e-6	-8.003263528719784e-6	-2.3737715391897886e-6
3.3836564220128105e-6	-1.0219118785411572e-5	-2.304697058330238e-6	-3.4885420955831225e-6	-5.4259690666406166e-6	1.951073674816885e-6	8.052630284209929e-6	2.3817772876725083e-6
-3.410852263058536e-6	1.0292528292456103e-5	2.347797513390111e-6	3.5358484336486506e-6	5.444156010358625e-6	-1.9462103882488177e-6	-8.10268730425312e-6	-2.3898744046335494e-6
3.43878588317196e-6	-1.036718415511776e-5	-2.3917813281421378e-6	-3.5840378969967453e-6	-5.462457536348616e-6	1.9412334890611215e-6	8.153450374970412e-6	2.3980646053143697e-6
-3.4674859447877335e-6	1.044312124282865e-5	2.4366768753212415e-6	3.633136703128206e-6	5.480872766595754e-6	-1.936139333867224e-6	-8.204935784452834e-6	-2.4063496474556478e-6
3.4969825978790004e-6	-1.0520375849513646e-5	-2.482513764448925e-6	-3.683172152901229e-6	-5.4994006805127516e-6	1.9309241133943812e-6	8.257160376567155e-6	2.414731338179321e-6
-3.5273075434771244e-6	1.0598985723704498e-5	2.529322939151569e-6	3.734172662936651e-6	5.518040103452379e-6	-1.9255838617662324e-6	-8.31014153761052e-6	-2.423211530352131e-6
3.558494128992137e-6	-1.0678990197666236e-5	-2.5771367353926034e-6	-3.7861678696394392e-6	-5.5367896912536475e-6	1.920114451584807e-6	8.363897229440197e-6	2.431792133846751e-6
-3.590577498954838e-6	1.0760430257531575e-5	2.6259889730176154e-6	3.839188669395688e-6	5.55564792031475e-6	-1.9145115796597093e-6	-8.418446039613688e-6	-2.440475111016032e-6
3.6235946673671737e-6	-1.0843348603932357e-5	-2.6759150410314587e-6	-3.893267279048994e-6	-5.574613071031284e-6	1.908770742607504e-6	8.473807172604936e-6	2.4492624706364568e-6
-3.6575846609315264e-6	1.092778981013276e-5	2.7269519744778557e-6	3.948437338939242e-6	5.593683221002811e-6	-1.9028872552587197e-6	-8.530000497519741e-6	-2.4581562935946724e-6
3.6925886800099124e-6	-1.1013800394100337e-5	-2.779138596386452e-6	-4.004733960561384e-6	-5.612856214737956e-6	1.896856229925037e-6	8.587046589552302e-6	2.4671587109274378e-6
-3.7286501997251837e-6	1.1101428909846664e-5	2.832515572418663e-6	4.062193848030018e-6	5.632129661946796e-6	-1.8906725390427931e-6	-8.64496672544803e-6	-2.4762719141225664e-6
3.7658151826249873e-6	-1.1190726136150303e-5	-2.8871255578565757e-6	-4.120855348454736e-6	-5.651500911503293e-6	1.8843308465596255e-6	8.703782959284888e-6	2.4854981667614522e-6
-3.804132219410694e-6	1.1281745152111471e-5	2.943013337565275e-6	4.180758575855601e-6	5.670967020901514e-6	-1.877825569925319e-6	-8.763518133999798e-6	-2.4948397957240453e-6
3.843652727719365e-6	-1.1374541485959673e-5	-3.0002259100672233e-6	-4.2419455269528114e-6	-5.690524770704118e-6	1.8711508586406023e-6	8.824195909300134e-6	2.5042991973276656e-6
-3.884431180212875e-6	1.1469173317779861e-5	3.0588126734940074e-6	4.3044601429344235e-6	5.71017058355568e-6	-1.864300603589569e-6	-8.88584084424301e-6	-2.5138788369548387e-6
3.926525291510667e-6	-1.1565701571318183e-5	-3.1188255867815124e-6	-4.3683485009097264e-6	-5.729900553857192e-6	1.8572684036343858e-6	8.948478385695239e-6	2.523581266899552e-6
-3.969996306032457e-6	1.1664190153774109e-5	3.1803192929146892e-6	4.433658881018059e-6	5.7497104063751924e-6	-1.850047557591758e-6	-9.01213494785437e-6	-2.5334091090863127e-6
4.014909240698548e-6	-1.1764706130785927e-5	-3.2433513467140086e-6	-4.500441933241766e-6	-5.769595413771321e-6	1.8426310349247288e-6	9.07683796639193e-6	2.5433650655810704e-6
-4.0613331856558745e-6	1.186731991368067e-5	3.3079824060920617e-6	4.568750857938409e-6	5.789550470720522e-6	-1.8350114740740185e-6	-9.14261590686972e-6	-2.553451935423854e-6
4.109341637221456e-6	-1.1972105533178716e-5	-3.3742764114295204e-6	-4.6386414904401635e-6	-5.809569952868413e-6	1.827181150083576e-6	9.209498368932734e-6	2.5636725994979316e-6
-4.159012833968365e-6	1.2079140846638318e-5	3.4423008697328713e-6	4.710172553827043e-6	5.829647723199951e-6	-1.8191319456323603e-6	-9.27751611682869e-6	-2.574030030920827e-6
4.2104301648820325e-6	-1.2188507830138507e-5	-3.5121270703398287e-6	-4.7834058311055855e-6	-5.849777136886852e-6	1.8108553518408333e-6	9.346701134277405e-6	2.5845273058205706e-6
-4.2636825822209766e-6	1.2300292868353335e-5	3.5838303726462797e-6	4.85840631634545e-6	5.86995088788849e-6	-1.8023424134468341e-6	-9.417086715952701e-6	-2.5951676033693924e-6
4.31886507501659e-6	-1.2414587070604813e-5	-3.657490512937997e-6	-4.935242516823247e-6	-5.890161062004606e-6	1.7935837226122006e-6	9.488707512395446e-6	2.6059542021383677e-6
-4.37607920219041e-6	1.2531486628302523e-5	3.7331919197654765e-6	5.013986651182021e-6	5.910399057932899e-6	-1.7845693798196706e-6	-9.561599617484846e-6	-2.6168904992274595e-6
4.435433649477913e-6	-1.2651093195451307e-5	-3.8110240849661234e-6	-5.09471489700153e-6	-5.930655461980332e-6	1.775288965406765e-6	9.635800642070275e-6	2.627980012645976e-6
-4.497044871290511e-6	1.2773514307723636e-5	3.891081941116753e-6	5.177507727553978e-6	5.9509200909368835e-6	-1.7657315004365627e-6	-9.711349806554348e-6	-2.639226372114163e-6
4.561037811050001e-6	-1.2898863849004011e-5	-3.97346630759875e-6	-5.262450168115919e-6	-5.971181870519049e-6	1.7558854127044282e-6	9.788288021000806e-6	2.650633345144072e-6
-4.6275466654087225e-6	1.3027262561741103e-5	4.058284345839386e-6	5.349632173991379e-6	5.991428705414932e-6	-1.745738510263173e-6	-9.866657987832702e-6	-2.662204836224688e-6
4.696715767937243e-6	-1.3158838594533284e-5	-4.145650094224886e-6	-5.439148981749233e-6	-6.011647527707367e-6	1.7352778963074384e-6	9.946504317109846e-6	2.6739448849641726e-6
-4.768700573374743e-6	1.3293728141210033e-5	4.2356850191746005e-6	5.531101509507607e-6	6.031824087081185e-6	-1.7244899759744976e-6	-1.0027873611467117e-5	-2.6858576843320282e-6
4.843668732006198e-6	-1.3432076110268152e-5	-4.328518662042488e-6	-5.6255968271584235e-6	-6.0519428865173994e-6	1.7133603800738302e-6	1.0110814618943713e-5	2.6979475872075578e-6
-4.92180132584576e-6	1.3574036884445238e-5	4.424289334740018e-6	5.722748603771482e-6	6.071987136519599e-6	-1.7018738741506692e-6	-1.019537833809173e-5	-2.710219110160708e-6
5.003294239475096e-6	-1.3719775181905355e-5	-4.523144861141685e-6	-5.822677674237326e-6	-6.091938512558717e-6	1.6900143762324406e-6	1.0281618169622489e-5	2.7226769386115724e-6
-5.0883597027518646e-6	1.386946697004767e-5	4.625243477713821e-6	5.925512604867295e-6	6.111777148371147e-6	-1.677764835757144e-6	-1.0369590063975156e-5	-2.7353259545492884e-6
5.177228050074438e-6	-1.402330053088936e-5	-4.730754742800399e-6	-6.031390360082425e-6	-6.131481409680941e-6	1.6651071371528203e-6	1.0459352676630202e-5	2.748171223280732e-6
-5.2701496811589015e-6	1.418147763643522e-5	4.839860603519879e-6	6.140456996366919e-6	6.151027750181596e-6	-1.6520221179773626e-6	-1.0550967567195397e-5	-2.761218016667372e-6
5.367397320303805e-6	-1.434421484598628e-5	-4.952756593333644e-6	-6.252868458959381e-6	-6.170390573819517e-6	1.6384893866075713e-6	1.0644499345277743e-5	2.7744718320933377e-6
-5.469268572210659e-6	1.4511745001123071e-5	5.069653117451802e-6	6.368791483139276e-6	6.189541966119478e-6	-1.624487255666168e-6	-1.0740015920333669e-5	-2.7879383832697034e-6
5.57608882032934e-6	-1.4684318888031788e-5	-5.190776953297532e-6	-6.488404513260382e-6	-6.208451555541848e-6	1.6099926979509208e-6	1.0837588711406648e-5	2.801623638758947e-6
-5.688214591721706e-6	1.4862207118832702e-5	5.31637290581666e-6	6.611898837822116e-6	6.227086205667619e-6	-1.5949811293722441e-6	-1.0937292852078048e-5	-2.815533814938813e-6
5.8060373859434655e-6	-1.5045702267859736e-5	-5.446705667102484e-6	-6.739479767696553e-6	-6.245409782913355e-6	1.579426382532449e-6	1.1039207509247433e-5	2.8296754113431708e-6
-5.92998809587784e-6	1.5235121300687128e-5	5.58206192823718e-6	6.871367976957249e-6	6.2633828561990965e-6	-1.5633005166853141e-6	-1.1143416145935584e-5	-2.844055208391262e-6
6.06054213799321e-6	-1.5430808356841245e-5	-5.722752778894802e-6	-7.007801039310891e-6	-6.280962329774851e-6	1.5465736682620395e-6	1.1250006792494263e-5	2.858680297561721e-6
-6.198225400501869e-6	1.5633137900784075e-5	5.869116407819108e-6	7.149035087258537e-6	6.298101117676722e-6	-1.529213929774996e-6	-1.1359072456189087e-5	-2.8735581127862515e-6
6.343621184097083e-6	-1.5842518375100093e-5	-6.021521176864178e-6	-7.295346741904114e-6	-6.314747678993307e-6	1.511187096853068e-6	1.1470711448947376e-5	2.888696407994216e-6
-6.49737832009843e-6	1.6059396418997824e-5	6.180369183305779e-6	7.447035248437742e-6	6.330845571360789e-6	-1.4924565376912753e-6	-1.1585027774977756e-5	-2.904103342836049e-6
6.660220745625549e-6	-1.6284261696733567e-5	-6.346100267494167e-6	-7.604424906239544e-6	-6.346332920775175e-6	1.4729829072640022e-6	1.1702131638549061e-5	2.9197874660488806e-6
-6.832958802568366e-6	1.6517652566392963e-5	6.519196651547103e-6	7.767867830464812e-6	6.361141807253912e-6	-1.452723935736393e-6	-1.182213986311955e-5	-2.9357577326559113e-6
7.016502657001234e-6	-1.6760162680669536e-5	-6.700188339236349e-6	-7.937747076850041e-6	-6.375197606558126e-6	1.4316341420620083e-6	1.194517646747667e-5	2.952023589935439e-6
-7.211878348040472e-6	1.7012448689508046e-5	6.889659279684474e-6	8.114480226081818e-6	6.388418214034196e-6	-1.4096644772565475e-6	-1.2071373255869607e-5	-2.968594959209449e-6
7.420247053702088e-6	-1.7275239363913245e-5	-7.088254586139066e-6	-8.298523463290366e-6	-6.40071318227762e-6	1.3867620705985665e-6	1.2200870446146943e-5	2.985482275489636e-6
-7.642928360361434e-6	1.754934636521505e-5	7.296688982492968e-6	8.490376292869753e-6	6.411982719414678e-6	-1.3628697294088693e-6	-1.2333817416370765e-5	-3.0026965676272122e-6
7.881428580632754e-6	-1.7835677059778015e-5	-7.515756656533209e-6	-8.690586941207544e-6	-6.4221165677428694e-6	1.3379255470686012e-6	1.247037348838208e-5	3.020249461934367e-6
-8.137475438751243e-6	1.8135249876347432e-5	7.746342883818281e-6	8.899758614092543e-6	6.430992713756085e-6	-1.3118624552149388e-6	-1.2610708824026448e-5	-3.038153238292186e-6
8.41306082420263e-6	-1.8449212779412727e-5	-7.98943781200339e-6	-9.118556788296244e-6	-6.43847587808712e-6	1.2846075351342196e-6	1.2755005394622394e-5	3.056420904039158e-6
-8.710494005027612e-6	1.877886565194442e-5	8.246152837780467e-6	9.347717673400677e-6	6.444415817550758e-6	-1.2560814987706364e-6	-1.2903458104024836e-5	-3.0750662257101844e-6
9.032468329395775e-6	-1.912568761466335e-5	-8.517740176417563e-6	-9.588058132131726e-6	-6.448645345532711e-6	1.2261979322459385e-6	1.3056275995102381e-5	3.0941038158607266e-6
-9.382145659078814e-6	1.949137059254522e-5	8.805616466963089e-6	9.840487365171212e-6	6.450978020508337e-6	-1.1948623834100684e-6	-1.321368362830874e-5	-3.1135491889567814e-6
9.763264350835473e-6	-1.9877860877552627e-5	-9.111391310411094e-6	-1.0106020715525869e-5	-6.4512054517030184e-6	1.1619715627947223e-6	1.3375922638597633e-5	3.1334188557514595e-6
-1.018027873229109e-5	2.0287411048475758e-5	9.43690204355096e-6	1.0385796030237013e-5	6.449094195608014e-6	-1.1274121535186664e-6	-1.3543253446594013e-5	-3.1537304050152776e-6
1.0638541591522105e-5	-2.0722645405328725e-5	-9.784256469022507e-6	-1.0681093244686918e-5	-6.44438206321203e-6	1.0910595482190097e-6	1.3715957238590565e-5	3.1745026019850822e-6
-1.1144545889192916e-5	2.118664323320338e-5	1.0155885668809053e-5	1.0993357912401402e-5	6.4367737438123995e-6	-1.0527765198297037e-6	-1.3894338164438644e-5	-3.195755514725682e-6
1.1706249549243862e-5	-2.168304587671074e-5	-1.0554609865469834e-5	-1.1324229573891151e-5	-6.425935701254243e-6	1.012411425347278e-6	1.4078725862292096e-5	3.217510618328111e-6
-1.233351888528259e-5	2.221619608362461e-5	1.0983721277507093e-5	1.1675576330766166e-5	6.411490032657344e-6	-9.697963045092677e-7	-1.4269478309270461e-5	-3.2397909623358015e-6
1.3038744498613117e-5	-2.279132153524048e-5	-1.1447089372427291e-5	-1.2049537183570158e-5	-6.393007105122581e-6	9.247446425179051e-7	1.4466985078007175e-5	3.2626213094694502e-6
-1.3837713732354617e-5	2.341477999186491e-5	1.1949295875210717e-5	1.244857423398341e-5	6.3699967310501e-6	-8.770486166286753e-7	-1.4671671094624955e-5	-3.286028334176747e-6
1.475087378785674e-5	-2.4094391756429427e-5	-1.2495809970940757e-5	-1.2875537663560717e-5	-6.3418974755935495e-6	8.264760061766151e-7	1.4884000900009808e-5	3.3100408227331033e-6
-1.580520660164688e-5	2.4839898094744268e-5	1.3093218505820374e-5	1.3333747248434958e-5	6.3080635726545525e-6	-7.727664331002336e-7	-1.5104483619249954e-5	-3.3346899033832023e-6
1.7037091739575036e-5	-2.566360533933281e-5	-1.3749532356351776e-5	-1.3827095585168502e-5	-6.267748902644072e-6	7.15626893215427e-7	1.5333678686343362e-5	3.3600093385746693e-6
-1.8496823431855796e-5	2.658130894999874e-5	1.4474600446001826e-5	1.4360180129560973e-5	6.2200871964991765e-6	-6.547264522773187e-7	-1.5572202490865458e-5	-3.386035801220108e-6
2.0256015566694168e-5	-2.761365092062524e-5	-1.5280678344930147e-5	-1.4938473983362899e-5	-6.16406728409198e-6	5.89689790970544e-7	1.582073615470588e-5	3.4128092633154342e-6
-2.2420301850631837e-5	2.8788167845280314e-5	1.618322342775679e-5	1.5568549404205446e-5	6.098502044157896e-6	-5.200894340532135e-7	-1.608003462289875e-5	-3.4403733954386964e-6
2.5152334741551744e-5	-3.014247780797906e-5	-1.7202029874769927e-5	-1.6258374180065336e-5	-6.021988982750933e-6	4.45436212101179e-7	1.635093739926346e-5	3.4687760343697564e-6
-2.8716303012588505e-5	3.1729419438124546e-5	1.8362886230542444e-5	1.7017710334358005e-5	5.9328596596465215e-6	-3.6516759384840047e-7	-1.6634381201484472e-5	-3.4980697692471616e-6
3.357161410385901e-5	-3.362569318259415e-5	-1.9700060015900477e-5	-1.785865900272314e-5	-5.829114204807662e-6	2.7863320090656276e-7	1.6931415062628342e-5	3.5283125687268276e-6
-4.0592553422461606e-5	3.594713458045514e-5	2.126013501906354e-5	1.8796418411304777e-5	5.708335404552277e-6	-1.8507668807551284e-7	-1.724321837717978e-5	-3.5595685613331008e-6
5.1663980724762336e-5	-3.887738691431626e-5	-2.3108146430105047e-5	-1.9850359163491928e-5	-5.5675745555833575e-6	8.361301460760587e-8	1.7571122570432e-5	3.591908946153608e-6
-7.166744461745087e-5	4.272588688018557e-5	2.533779572060562e-5	2.1045583915399552e-5	5.403197594193361e-6	2.6800579673631735e-8	-1.7916637402394967e-5	-3.6254130650895944e-6
0.00011757949805274966	-4.805668257975475e-5	-2.8089299342312675e-5	-2.241524715396518e-5	-5.210674386781551e-6	-1.4740180598183966e-7	1.8281482967407332e-5	3.6601696910188774e-6
-0.0002917810646509727	5.601167796790301e-5	3.158245144624645e-5	2.4004105969116578e-5	4.984285037765294e-6	2.7967169775266054e-7	-1.866762898057568e-5	-3.6962785737976426e-6
-0.0020386495067085822	-6.926446282714403e-5	-3.618244982820855e-5	-2.58741383448316e-5	-4.716702335075469e-6	-4.2539830747269657e-7	1.9077343381815577e-5	3.733852321264649e-6
-0.008482696008896997	9.550909500959815e-5	4.2543505489268494e-5	2.8113783829766806e-5	4.3983849755700645e-6	5.867615569010071e-7	-1.9513252919993655e-5	-3.773018637309343e-6
-0.030965396384143064	-0.00016240979658478045	-5.196205492874958e-5	-3.085385588606872e-5	-4.016673241013152e-6	-7.664480880427738e-7	1.9978419382286664e-5	3.813923128287599e-6
-0.0843899080886804	-0.0018078112482868187	6.740051521744401e-5	3.4296498503388706e-5	3.5544021978328846e-6	9.678091706275255e-7	-2.0476436392416342e-5	-3.8567327330689806e-6
-0.1658506390663493	-0.0075105289404985755	-9.725637967631876e-5	-3.8771578114693946e-5	-2.9877037655178016e-6	-1.1950818158529723e-6	2.1011553639936064e-5	3.901639935745358e-6
-0.20356458915695663	-0.02848909776811253	0.00017574068630267235	4.48562871729943e-5	2.282386484735833e-6	1.453704682592453e-6	-2.1588838092344223e-5	-3.948868132546311e-6
-0.056102109530610636	-0.08123810088832904	-0.0005987179982267813	-5.365851992992469e-5	-1.387696033121383e-6	-1.7507797279980438e-6	2.2214385778680947e-5	3.998678362215259e-6
0.3309576748169903	-0.16865809439461463	-0.003002875277313602	6.759666118340755e-5	2.2496035066530025e-7	2.0957644903753e-6	-2.2895603807919537e-5	-4.051377870808221e-6
0.7105333011668633	-0.22644758470332946	-0.012615215718897625	-9.305717189394346e-5	1.334492923196861e-6	-2.501540926727897e-6	2.3641591485481158e-5	4.107331187943382e-6
0.6524597430972435	-0.10455446251495622	-0.04370289832822226	0.0001530293933260689	-3.5159916477233506e-6	2.9861225409920222e-6	-2.4463663846504402e-5	-4.166974569891819e-6
0.06114083128583227	0.2888164136339108	-0.112873014223289	-0.0003976030964231051	6.751151075612932e-6	-3.575490473897585e-6	2.5376084101393183e-5	4.2308350054489275e-6
-0.583936049783259	0.7379652814586956	-0.20692668536569722	-0.0025033124386283447	-1.1974641019241655e-5	4.308529503063086e-6	-2.639710942685882e-5	-4.299555617862455e-6
-0.7411003792438504	0.7695558918080032	-0.22470817262815843	-0.010470580187206058	2.16028793373562e-5	-5.246111972002457e-6	2.7550518878160692e-5	4.373930164241997e-6
-0.4064585644016937	0.18743612913369995	-0.0018423688362093403	-0.03779098123694837	-4.3870768800839286e-5	6.488994097433909e-6	-2.886790485660628e-5	-4.454950460343946e-6
0.0058440550959200175	-0.5591114139180656	0.47548757786833123	-0.10186786509300101	0.00012443520408733015	-8.216205739632994e-6	3.0392214095228067e-5	4.543872855924406e-6
0.195733008572774	-0.8307849758954496	0.8566520343220485	-0.1973648158062635	-0.0010687400995644464	1.0776912980842328e-5	-3.218341280080828e-5	-4.642313239917495e-6
0.17850847114607982	-0.520238678686196	0.6663982495543613	-0.23650710669340452	-0.004508370929174156	-1.494466608270536e-5	3.4327926696474316e-5	4.752385628075626e-6
0.09687215853906612	-0.05029167420554649	-0.08154274914226171	-0.05307830562909415	-0.018516724766924297	2.2779710846480382e-5	-3.695515150060087e-5	-4.8769093975477575e-6
0.037353024368544645	0.201552137937366	-0.7577834387659794	0.40689918407901915	-0.05907378943288692	-4.159528185946682e-5	4.0268072365871645e-5	5.019727725354467e-6
0.01074695298211624	0.20728785339606728	-0.8159136231466013	0.8401935477961329	-0.1396191887824289	0.00011450944934565579	-4.4604314050390404e-5	-5.186212342299977e-6
0.002552568525508267	0.11961883819019163	-0.37479078413920447	0.7463668087546411	-0.22706418743892806	-0.0011121788092512226	5.056957748677228e-5	5.384092851906338e-6
0.0005066958602802321	0.04834818141954577	0.06887648142689859	0.03925213021846946	-0.19216239941217134	-0.004596181783880605	-5.9366633203187475e-5	-5.624877547505299e-6
-0.00015636326958640864	0.014506116030218124	0.2351791740934823	-0.7023993132119264	0.11608590562497359	-0.018828349659439324	7.375210257624731e-5	5.926410441134407e-6
8.975541264075323e-5	0.0034937880687842225	0.19004177453815055	-0.8598230479448506	0.6177270552256859	-0.05936914897800524	-0.00010157658993108238	-6.317752905476109e-6
-6.428164503730625e-5	0.0007614742818508768	0.09623177221550366	-0.4553752322732727	0.8751604928686264	-0.138671128916624	0.00017508387280240563	6.849198903606371e-6
5.114827427713675e-5	-0.00014343514903125725	0.03517041291320359	0.020844205914325613	0.49175335616262456	-0.22170227730403222	-0.0005783581107769393	-7.6147515267399875e-6
-4.3207022386316164e-5	5.9376645281104926e-5	0.009602363861173368	0.23148797562641046	-0.314561830357247	-0.1801751861227787	-0.002797113234044912	8.808719165470747e-6
3.792042681756533e-5	-3.072963961267669e-5	0.002307121430889669	0.20550440986849178	-0.8464301209732292	0.12887630610877357	-0.011814952890154745	-1.0891788646755099e-5
-3.4174237697097345e-5	1.6505373087609792e-5	0.0003214874729259073	0.10986705565373592	-0.7219251780516122	0.6148189474315491	-0.04076490074954707	1.5194389268618178e-5
3.14055136780446e-5	-7.864122729141463e-6	-0.00013372639717935912	0.04189634357858124	-0.22955613215707674	0.8453425715293446	-0.10503540508518591	-2.693686517247514e-5
-2.930039984112868e-5	1.9109761728008506e-6	8.282047126629199e-5	0.011911849042115369	0.1465002212424765	0.45055005069618836	-0.19181372976982086	8.134088434689754e-5
2.7670867945587476e-5	2.5627350046325934e-6	-6.0338706656534575e-5	0.002842035427847362	0.2365471743373671	-0.33274316898209816	-0.20689783565789954	-0.0011100514425171034
-2.639812119500009e-5	-6.148794903783658e-6	4.776902517159012e-5	0.0005255226555470022	0.16298897327879452	-0.826282506510081	0.0015291475718863688	-0.004508041295899288
2.540417174558513e-5	9.171893177869133e-6	-3.972104846873386e-5	-0.0001679680547597809	0.07461921182666564	-0.684130263895102	0.4435862701600392	-0.018312322297908246
-2.4636548939265045e-5	-1.1826492616494785e-5	3.409844485606623e-5	9.442013004222127e-5	0.0250745605109306	-0.20429700560315403	0.7925624059156028	-0.05667199853070611
2.4059634222424423e-5	1.4237828268064658e-5	-2.9924130468931798e-5	-6.522852797600975e-5	0.006382394369280654	0.1498696577706201	0.6109260794651664	-0.1297364136164836
-2.364957855374862e-5	-1.64919536785455e-5	2.6682739131685063e-5	4.975618963324825e-5	0.0015459949177210942	0.22803610290730264	-0.08247998387673035	-0.201492174821379
2.3391289255621656e-5	1.865179735810481e-5	-2.407686759369643e-5	-4.014347062356194e-5	3.0286808117654724e-5	0.15421002770490058	-0.7034122022782278	-0.1521910088238281
-2.3276706075337004e-5	-2.0766381337998163e-5	2.192271313939111e-5	3.3546097268269726e-5	-4.522465543955758e-5	0.0696899929064224	-0.751335513857975	0.14086494953224502
2.330396723690933e-5	2.2876500104162078e-5	-2.01003274918543e-5	-2.8698283854039027e-5	4.1501442234834576e-5	0.023181749524935815	-0.3417435673094015	0.5762414352936946
-2.347728856775237e-5	-2.5018505355283394e-5	1.8527843963016894e-5	2.4953440297473824e-5	-3.82371084132034e-5	0.005835144266797595	0.0663286602948184	0.7540897943614654
2.3807537238438084e-5	2.7227084994265924e-5	-1.714720070080403e-5	-2.1947049747280953e-5	3.600525496813885e-5	0.0014313275003044463	0.21747768157532948	0.3652073969514612
-2.4313634893476533e-5	-2.9537565319219027e-5	1.591578007003187e-5	1.945775542594905e-5	-3.4506258061174675e-5	-1.4981648083265568e-5	0.1747632667651676	-0.3398695137382114
2.5025128647536144e-5	3.1988099468022875e-5	-1.4801271419724284e-5	-1.7343028051717287e-5	3.3504092968872634e-5	-1.4466933568265604e-5	0.08816947519540132	-0.7499979355768222
-2.5986607859139717e-5	-3.462204767982125e-5	1.3778372197321828e-5	1.550657879497574e-5	-3.2850136822726406e-5	1.5613003463475913e-5	0.03215678950319458	-0.5911549535237755
2.7265288266866358e-5	3.7490875369202196e-5	-1.2826573767173034e-5	-1.3880632607615095e-5	3.245162096408162e-5	-1.447629761083843e-5	0.008737292695664305	-0.15708288370685525
-2.896441506559728e-5	-4.06579943226591e-5	1.1928599287040743e-5	1.2415702705356071e-5	-3.2249331861356086e-5	1.3296847383704646e-5	0.0021202032847154203	0.1456827821792594
3.124810697874273e-5	4.420418183279277e-5	-1.1069230045716456e-5	-1.1074388924102636e-5	3.2204589693351826e-5	-1.2322650921800227e-5	0.0002699542529638782	0.20285933472028725
-3.439047545966945e-5	-4.823560984520037e-5	1.0234345721586383e-5	9.827443012610678e-6	-3.229174900881816e-5	1.154298785317301e-5	-0.00010469965667057943	0.1330791542242293
3.888119928825268e-5	5.28962661173126e-5	-9.410047164869822e-6	-8.651160788942388e-6	3.2493792385291986e-5	-1.0916968017294104e-5	5.8853356517185335e-5	0.05888870148568485
-4.5678503753037716e-5	-5.838801059207427e-5	8.581742120148038e-6	7.525571289790844e-6	-3.279967647635284e-5	1.040885910989194e-5	-3.830862006353435e-5	0.019247984937097066
5.691022702727442e-5	6.500450055472002e-5	-7.733057145535922e-6	-6.433107563354522e-6	3.320270257543886e-5	-9.991743676208024e-6	2.665392925971385e-5	0.004772667214099942
-7.825498489325216e-5	-7.319172458829629e-5	6.844384602058256e-6	5.357559277876796e-6	-3.369951012898399e-5	9.645933711837221e-6	-1.9066852080838725e-5	0.0011796806859997323
0.0001299145086115467	8.36631501290734e-5	-5.890757576856671e-6	-4.283168726346096e-6	3.428946758455773e-5	-9.357012489106758e-6	1.3662045648819505e-5	-6.125532362952826e-5
-0.0003313537727591703	-9.763677543265218e-5	4.838510883744717e-6	3.193759867778691e-6	-3.497433224491652e-5	9.114311184132364e-6	-9.557552831238388e-6	1.6235415512142915e-5
0.0031101560702454273	0.00011737492302701939	-3.639702275457851e-6	-2.0717949339555933e-6	3.575810695454135e-5	-8.909831581338971e-6	6.286777757500327e-6	-8.429657202635755e-6
0.012769375100882371	-0.00014758877560505724	2.222221625726116e-6	8.972355051044129e-7	-3.664705647996949e-5	8.7375013679884e-6	-3.5796646418055484e-6	6.195947492330074e-6
0.052374916740017256	0.00019983322772130634	-4.710991401427211e-7	3.5396179886010355e-7	3.764987049611698e-5	-8.592659181828759e-6	1.2687559296408153e-6	-5.401383054953089e-6
0.16500512813393972	-0.00031051661253069467	-1.8095339161833132e-6	-1.7119774378727811e-6	-3.877797915911446e-5	8.471695276177381e-6	7.556772649563315e-7	5.106529242213166e-6
0.3852555218412773	0.0006519262232893318	4.9811843567567285e-6	3.2163271864640412e-6	4.004604581264968e-5	-8.371797547448763e-6	-2.5689169039799334e-6	-5.020511387966047e-6
0.6154316537146862	0.006131430951143337	-9.782781458561391e-6	-4.920903684777344e-6	-4.1472683680082706e-5	8.290769638075588e-6	4.224708334154751e-6	5.033750425245841e-6
0.4992648823029749	0.025317446140066775	1.7947186170090428e-5	6.9023171520637e-6	4.308147312948176e-5	-8.226898983046049e-6	-5.762823274745163e-6	-5.099087231000579e-6
-0.35967101757427783	0.09480673651055689	-3.442129393885006e-5	-9.274424114609393e-6	-4.490239999646803e-5	8.178859597433956e-6	7.213702393427106e-6	5.194244646650571e-6
-1.7081378045790212	0.2655003062480945	7.836520687072153e-5	1.221516665171295e-5	4.697390498100925e-5	-8.145639175343235e-6	-8.601425478806595e-6	-5.308001173723139e-6
-2.3455595826684066	0.5398127587488074	-0.00027699917505181185	-1.6019753870311632e-5	-4.9345847108011276e-5	8.126483139600313e-6	9.945685769897019e-6	5.434477897582316e-6
-1.247129224043839	0.7006173019142333	0.003896617272521481	2.121558132162499e-5	5.208387568707607e-5	-8.120849663029228e-6	-1.1263152988354726e-5	-5.5705589284948914e-6
0.9267556712592592	0.27495061936001985	0.01595557704715064	-2.883967550050685e-5	-5.527604265142491e-5	8.128370546998261e-6	1.2568453053262682e-5	5.714642600617944e-6
2.293729858127173	-0.9858959610746479	0.0647645753876066	4.1214873884698704e-5	5.904310408982268e-5	-8.148812707079654e-6	-1.3874905210250766e-5	-5.866002807477813e-6
1.89663231383145	-2.3446059161409085	0.20088591782480694	-6.461747443023049e-5	-6.355514119942619e-5	8.182033475060864e-6	1.519510781565494e-5	6.024448389599792e-6
0.5647737180519217	-2.328887860769778	0.4607254663960309	0.000121759247233155	6.90595132208188e-5	-8.227919706241175e-6	-1.654143536802008e-5	-6.190136155742463e-6
-0.4168540211767987	-0.43697179311439255	0.7176747934185405	-0.0003503272028164817	-7.593025795633796e-5	8.28629432375537e-6	1.7926492995823754e-5	6.363467148714613e-6
-0.6326599552731246	1.8386747825213692	0.5461486178175442	0.00369962210988709	8.476080495566127e-5	-8.356761606837954e-6	-1.9363566413490408e-5	-6.5450302010972154e-6
-0.427512446285584	2.5620735383775575	-0.4933135329819219	0.015237108823582151	-9.655138147433181e-5	8.43843831801698e-6	2.086710318388809e-5	6.7355736435294885e-6
-0.193072173218559	1.525446826840206	-2.046318255486632	0.06228216052250818	0.00011312504039967833	-8.529469607960677e-6	-2.245326361359328e-5	-6.935995069015784e-6
-0.06421200784547948	0.0851751414620435	-2.6908498828918486	0.1955200513301121	-0.00013817044174611255	8.626128036428278e-6	2.4140587432779685e-5	7.147343644573696e-6
-0.016139467287407016	-0.6436447757168087	-1.3162134903761522	0.4544820715961808	0.00018031311633851638	-8.721074001690243e-6	-2.595083759641703e-5	-7.370832047189032e-6
-0.003976655908823231	-0.630052601389075	1.1976305023397624	0.7216292531912054	-0.00026430533704336576	8.799847472484368e-6	2.791010721478615e-5	7.607857000087598e-6
5.923965427584683e-5	-0.3548732884287413	2.6716978041285957	0.576617929454458	0.00047823583135905184	-8.833401158294253e-6	-3.0050315865256512e-5	-7.860028447217495e-6
2.419303283653779e-5	-0.14075367174183467	2.1161138882164696	-0.4398041815470131	0.005926002230686916	8.761096386451835e-6	3.2411287928778745e-5	8.12920821398257e-6
-2.7952404887942536e-5	-0.041590016474156374	0.569214577398978	-2.016302037990143	0.02437530188196321	-8.44848575052212e-6	-3.504371576325996e-5	-8.417559970545515e-6
2.5058101494953216e-5	-0.009905162189621947	-0.515686630303555	-2.7394293788373982	0.09272537948843938	7.569972999611609e-6	3.801349907631322e-5	8.727613405443438e-6
-2.191852668177665e-5	-0.0021458729091406643	-0.7240734078107102	-1.428199222711639	0.26434082351270277	-5.229069363331331e-6	-4.140828569930243e-5	-9.062346585102361e-6
1.9284626588245296e-5	0.0005328403766747644	-0.47636816560908096	1.1158129491403133	0.5492433002509082	-1.565040333575403e-6	4.53476521085405e-5	9.425292146524639e-6
-1.715236584000491e-5	-0.0002808660005149253	-0.21126254038584916	2.6889208929452693	0.7379409939983451	2.6361564217528842e-5	-4.9999539901576354e-5	-9.820675496732137e-6
1.5420532187128247e-5	0.00019124879649754504	-0.06914179988922728	2.200120252347347	0.34206685918158625	-0.00017589212791670913	5.56079486076864e-5	1.0253596297010016e-5
-1.3996438477301007e-5	-0.0001464889570181768	-0.017196529905744256	0.6397800051601846	-0.9388781950980203	0.0040982293779299635	-6.25420150566589e-5	-1.073026934743461e-5
1.280903842635161e-5	0.00011974164612846436	-0.00421995464250928	-0.4962996605552137	-2.403352204045778	0.016684285755614762	7.138848575939865e-5	1.1258348215597339e-5
-1.1805832531126039e-5	-0.00010192101412209838	0.00018017011757242974	-0.7384465415031352	-2.5094319661790747	0.0670872911357399	-8.313963954540904e-5	-1.184736527100129e-5
1.0948067047353083e-5	8.915651266400738e-5	-2.5220030744103138e-5	-0.49568815495067897	-0.6146297853163066	0.20492253483502176	9.961360731998577e-5	1.2509337245303425e-5
-1.0206837068429896e-5	-7.95314907826926e-5	-5.559256638121111e-7	-0.22287519636773165	1.8191562430642052	0.46195720131585	-0.00012451977238534133	-1.3259607946879673e-5
9.560279507426827e-6	7.199083998480058e-5	7.605224944881019e-6	-0.07382191094951915	2.707822266382552	0.7018812352422268	0.00016665540657794724	1.4118030608632522e-5
-8.991611978628325e-6	-6.590631683826197e-5	-9.99784049620266e-6	-0.0185157198927638	1.6976984295678208	0.49933208077294516	-0.0002519996444362955	-1.511062852243693e-5
8.487766216548839e-6	6.0880530694656555e-5	1.0850930255278937e-5	-0.004548730750252945	0.1658967079036592	-0.55289237421902	0.0004823834903923755	1.627189026782419e-5
-8.038428104398583e-6	-5.664974917306343e-5	-1.1102696733629876e-5	9.05524833816539e-5	-0.656371003612838	-2.0520609073371294	0.005594455273815159	-1.7647748568330978e-5
7.635355094884577e-6	5.3031969783921205e-5	1.109547658300054e-5	2.2744376425262107e-5	-0.6758023011452735	-2.5891552642265485	0.02299844009136881	1.929862673808478e-5
-7.271884212828207e-6	-4.989745439894945e-5	-1.0971369143400665e-5	-3.257950273671587e-5	-0.39033143526173913	-1.1589157603385805	0.08716685695407092	-2.12989058415581e-5
6.942572451924981e-6	4.715115903226736e-5	1.079482467707545e-5	3.17266337287995e-5	-0.15774765743317418	1.277522043204957	0.247315016583212	2.371552387625896e-5
-6.642930367482413e-6	-4.4721811249076814e-5	-1.0596884575993266e-5	-2.946089721392149e-5	-0.0474383801428149	2.6083117818198986	0.5110011306996026	-2.6480694847649464e-5
6.3692222028666644e-6	4.255487517183605e-5	1.0393060121471356e-5	2.724761876130164e-5	-0.011340852310347812	1.9822509859892312	0.6804630114539032	2.8666899352894054e-5
-6.118314060400278e-6	-4.06078798569776e-5	-1.0191212316562348e-5	-2.532487441018999e-5	-0.002560472744102866	0.47697718604696526	0.30303671906126534	-2.3314769238860724e-5
5.887557236757467e-6	3.884723335331034e-5	9.995268475587632e-6	2.3691492832869824e-5	0.0005396088051708925	-0.5298016493401042	-0.8893802224007806	-6.5048412710799e-5
-5.6746976688673665e-6	-3.724599858428404e-5	-9.807071814332382e-6	-2.230222675331376e-5	-0.00026745123323204824	-0.6954799822506488	-2.2319237443659965	0.003958168079877262
5.4778049308937275e-6	3.578230819368749e-5	9.627341978689928e-6	2.1110911146205606e-5	0.00017617090761620421	-0.44631324666344707	-2.300457393201523	0.016084042030061328
-5.2952160065220454e-6	-3.4438213610384194e-5	-9.456190681884162e-6	-2.0079134873369274e-5	-0.00013197955743760018	-0.1945416578985805	-0.5296249841080863	0.06403444407606991
5.12549038528126e-6	3.3198835425233146e-5	9.293405588687816e-6	1.917661343304415e-5	0.00010607691855672538	-0.06271158004810265	1.7058214273245682	0.19281095069962795
-4.967373987138349e-6	-3.205172677131576e-5	-9.138609379147274e-6	-1.8379782330185925e-5	-8.904781647006581e-5	-0.015440329453961812	2.4946511615325533	0.4275783722434302
4.81976986573763e-6	3.098638968803446e-5	8.991349650820439e-6	1.7670278873383023e-5	7.697171631182925e-5	-0.003777864828182653	1.54327337457759	0.6342068820605996
-4.681714225088279e-6	-2.9993903115572298e-5	-8.851149698905692e-6	-1.7033688890043644e-5	-6.79381723426289e-5	0.0002761005990118228	0.1343338473735774	0.42074649880276355
4.55235681043851e-6	2.9066633559101513e-5	8.71753685022689e-6	1.6458588715178028e-5	6.090799121856566e-5	-8.319948170478922e-5	-0.61054295470568	-0.5604264199501612
-4.430944635177431e-6	-2.8198007655495626e-5	-8.590057705953687e-6	-1.5935831163865783e-5	-5.526810463966709e-5	4.05654377016312e-5	-0.6201396810500406	-1.897251881404623
4.316808369986203e-6	2.7382331587143305e-5	8.468285677883118e-6	1.5458016446498114e-5	5.063357518180822e-5	-2.4688692165076243e-5	-0.35582234961027753	-2.302768820552691
-4.209351068486175e-6	-2.661464652249983e-5	-8.351824140571561e-6	-1.5019099006104784e-5	-4.675047606210816e-5	1.6929942257301928e-5	-0.1430874890230827	-0.9390477213970319
4.108038631474337e-6	2.589061193678749e-5	8.240307021664354e-6	1.4614093328225943e-5	4.344445618190419e-5	-1.2469589249527432e-5	-0.04283909797022704	1.2421149512018468
-4.012391693212519e-6	-2.5206410576662243e-5	-8.133397873424213e-6	-1.4238851870726278e-5	-4.059176605786973e-5	9.617780097648364e-6	-0.010222918512014291	2.3517884036240506
3.921978820281838e-6	2.4558670630769285e-5	8.030788236136944e-6	1.3889895889219886e-5	3.810208624817181e-5	-7.65385140219164e-6	-0.00229226809147861	1.7189317503513792
-3.836410666014811e-6	-2.3944401563351513e-5	-7.93219568459209e-6	-1.356428530755349e-5	-3.590790836977567e-5	6.225693666981714e-6	0.0005094837881970719	0.3664077191911897
3.7553349363612968e-6	2.3360940742378603e-5	7.837361691829287e-6	1.3259517576948635e-5	3.395772654084307e-5	-5.143234735306483e-6	-0.0002594107714148126	-0.49869189810681236
-3.6784321092305756e-6	-2.2805908944944735e-5	-7.746049501100679e-6	-1.2973448489597249e-5	-3.221153406596391e-5	4.295759232900451e-6	0.00017414119586624507	-0.617903095736065
3.605411718458289e-6	2.227717299250499e-5	7.65804218032741e-6	1.2704229577048412e-5	3.063776296339558e-5	-3.614792798647344e-6	-0.0001324761994249715	-0.38760275247246495
-3.5360091136817336e-6	-2.177281414428522e-5	-7.5731407602682265e-6	-1.2450258107270567e-5	-2.921115407013771e-5	3.055885724896034e-6	0.00010790238435688246	-0.16626486424225062
3.469982674488652e-6	2.1291101371294364e-5	7.491162472178469e-6	1.2210136981020883e-5	2.7911243306619234e-5	-2.5890096505460578e-6	-9.167004959319055e-5	-0.052836980619041116
-3.407111370985934e-6	-2.083046852486124e-5	-7.411939246454196e-6	-1.1982642276979612e-5	-2.6721265328560488e-5	2.1931892916601832e-6	8.011304199933127e-5	-0.012899291609747319
3.3471926070920452e-6	2.0389494797490304e-5	7.3353163071445105e-6	1.1766696730262504e-5	2.5627346041446573e-5	-1.8533510472143835e-6	-7.143697846311045e-5	-0.003136251093932467
-3.2900403617529475e-6	-1.9966887959045795e-5	-7.261150863292025e-6	-1.156134797315655e-5	-2.4617898842341616e-5	1.5583947571830276e-6	6.46625744083446e-5	0.00031968487244320317
3.235483534291396e-6	1.956146985463528e-5	7.189311012867559e-6	1.1365750612033585e-5	2.3683166807513237e-5	-1.2999711057908786e-6	-5.921061836389666e-5	-0.00011953403552120537
-3.183364477595047e-6	-1.9172163864582844e-5	-7.119674730053479e-6	-1.1179151303373357e-5	-2.2814871159936884e-5	1.0716820801409332e-6	5.4716677756560526e-5	6.857148691287893e-5
3.133537714221203e-6	1.8797983990656313e-5	7.052128917257983e-6	1.1000876237582685e-5	2.2005938320333596e-5	-8.685438246489394e-7	-5.0939939436280674e-5	-4.751945930835956e-5
-3.085868798486625e-6	-1.843802535213306e-5	-6.986568612517634e-6	-1.0830320703975098e-5	-2.1250285681969083e-5	6.866170312219702e-7	4.7714815452379054e-5	3.637436499410521e-5
3.0402332927827285e-6	1.809145585253566e-5	6.922896277885843e-6	1.0666940244853605e-5	2.0542651735239616e-5	-5.227470930501868e-7	-4.492362754188568e-5	-2.9544471111551978e-5
-2.996515844412897e-6	-1.7757508865997838e-5	-6.861021094681279e-6	-1.0510243112043263e-5	-1.987846026530994e-5	3.743779605576982e-7	4.248039120145602e-5	2.494250981936343e-5
2.9546094187228695e-6	1.7435476815112016e-5	6.800858410778842e-6	1.0359783901090906e-5	1.9253710906429715e-5	-2.3941652590643696e-7	-4.032077324036458e-5	-2.163064876627971e-5
-2.9144145330562706e-6	-1.7124705488407392e-5	-6.742329220937628e-6	-1.021515807155034e-5	-1.866489006962388e-5	1.1613218529496547e-7	3.839564485668322e-5	1.912981423151517e-5
2.8758386023393186e-6	1.6824588996043812e-5	6.685359646345083e-6	1.007599722386011e-5	1.810889807757945e-5	-3.08141043270353e-9	-3.666681278174493e-5	-1.7171215883923086e-5
-2.8387954197266597e-6	-1.653456531441846e-5	-6.629880552518896e-6	-9.941965041039273e-6	-1.7582989193373282e-5	-1.0094952753229556e-7	3.510411538688596e-5	1.559288056320458e-5
2.8032045390730042e-6	1.6254112342275562e-5	6.575827145937727e-6	9.812753788871386e-6	1.7084721757492583e-5	1.969886754975663e-7	-3.368339999376318e-5	-1.4291566463421418e-5
-2.768990852881487e-6	-1.5982744296227594e-5	-6.523138615802698e-6	-9.68808123157424e-6	-1.661191664237203e-5	-2.8591278004438566e-7	3.238508418902421e-5	1.3198419882022087e-5
2.7360841905638774e-6	1.5720008589659957e-5	6.471757832505577e-6	9.567687965818484e-6	1.616262244120793e-5	3.684742244175282e-7	-3.1193113123111746e-5	-1.2265778136453467e-5
-2.704418838943644e-6	-1.546548301991054e-5	-6.421631059362149e-6	-9.451335118290109e-6	-1.5735086038165024e-5	-4.453223862739729e-7	3.009419103229199e-5	1.1459602515416967e-5
2.6739332882128555e-6	1.5218773122942989e-5	6.372707698373039e-6	9.33880224999918e-6	1.5327727693034707e-5	5.170208135612945e-7	-2.9077206302520795e-5	-1.0754931694602312e-5
-2.64456985887344e-6	-1.4979509988206157e-5	-6.3249400242268555e-6	-9.229885578361483e-6	-1.4939119833782236e-5	-5.840610212943126e-7	2.8132795269285583e-5	1.013303968111771e-5
2.616274398746159e-6	1.4747348155748656e-5	6.278283028499462e-6	9.124396393923884e-6	1.4567968934730704e-5	6.468736498838242e-7	-2.7253007122230545e-5	-9.579597905190257e-6
-2.588996089694916e-6	-1.4521963690196823e-5	-6.232694178647332e-6	-9.022159619612418e-6	-1.4213099886523199e-5	-7.05837702667907e-7	2.6431043587953334e-5	9.083451099679706e-6
2.562687101996925e-6	1.4303052605774805e-5	6.188133221453709e-6	8.923012577899054e-6	1.387344258107773e-5	7.612881075705957e-7	-2.5661054512541295e-5	-8.635780706138044e-6
-2.537302460829174e-6	-1.4090329239911156e-5	-6.144562118896824e-6	-8.826803883750699e-6	-1.3548020315034973e-5	-8.135219277183764e-7	2.493797571877154e-5	8.22952002234777e-6
2.512799825697e-6	1.3883524899414924e-5	6.101944773497996e-6	8.733392438445448e-6	1.32359396089092e-5	8.6280362693169e-7	-2.4257399322901916e-5	-7.858936872120442e-6
-2.4891392416730303e-6	-1.3682386627103307e-5	-6.060246960526875e-6	-8.642646521415932e-6	-1.2936381472556171e-5	-9.093694635450805e-7	2.3615469160931845e-5	7.519330393725198e-6
2.4662830741576534e-6	1.3486675972428871e-5	6.019436243728679e-6	8.554443055831214e-6	1.2648593676733402e-5	9.534311257659844e-7	-2.3008795679183166e-5	-7.206807214575954e-6
-2.4441957737475642e-6	-1.3296168037232613e-5	-5.9794817364134265e-6	-8.468666830983429e-6	-1.237188397599727e-5	-9.951788756088332e-7	2.2434386277671164e-5	6.9181136243863675e-6
2.422843752169388e-6	1.311065044972248e-5	5.940354127731574e-6	8.385209855771915e-6	1.2105614213991957e-5	1.0347842459283908e-6	-2.188958793241382e-5	-6.650508073009998e-6
-2.402195278189278e-6	-1.2929922486757912e-5	-5.90202551272763e-6	-8.30397087516341e-6	-1.1849195032659947e-5	-1.0724022419071e-6	2.1372039507932392e-5	6.401663202659487e-6
2.3822203176497862e-6	1.275379433546271e-5	5.864469293701676e-6	8.224854705072098e-6	1.1602081266161593e-5	1.1081733121287664e-6	-2.0879632002720087e-5	-6.169589624154466e-6
-2.3628904510628715e-6	-1.2582086269852745e-5	-5.827660176905887e-6	-8.147771846465926e-6	-1.1363767799935773e-5	-1.1422250578324013e-6	2.0410475206042237e-5	5.952575968297899e-6
2.3441787458225014e-6	1.2414628026545313e-5	5.791573980805408e-6	8.072638083070644e-6	1.1133785945885462e-5	1.174673628800931e-6	-1.9962869516311217e-5	-5.749141380042491e-6
-2.3260596886245e-6	-1.2251258182084298e-5	-5.7561876631041426e-6	-7.999373967340941e-6	-1.0911700146310636e-5	-1.2056250065343152e-6	1.9535282083757698e-5	5.557997528685751e-6
2.308509070691786e-6	1.2091823542444812e-5	5.721479229166781e-6	7.927904602403645e-6	1.0697105054507326e-5	1.2351760943543911e-6	-1.91263264901464e-5	-5.378017856276862e-6
-2.291503915379634e-6	-1.1936178652292986e-5	-5.687427612008865e-6	-7.858159236762961e-6	-1.0489623019467572e-5	-1.2634156739511668e-6	1.873474534198764e-5	5.208212614990065e-6
2.2750224194074105e-6	1.1784185288952507e-5	5.6540127160925176e-6	7.790070971466752e-6	1.0288901577983699e-5	1.290425238045162e-6	-1.8359395322515762e-5	-5.047708477660694e-6
-2.2590438459254665e-6	-1.1635712007487123e-5	-5.621215294484444e-6	-7.723576554227838e-6	-1.009461149100856e-5	-1.3162797165435767e-6	1.7999234320988863e-5	4.8957316296799115e-6
2.2435484964169214e-6	1.1490633731871762e-5	5.589016902435379e-6	7.658616026309448e-6	9.906444858956226e-6	1.3410481444187317e-6	-1.765331025794354e-5	-4.751593787382286e-6
-2.2285176286706327e-6	-1.1348831370277236e-5	-5.557399897051155e-6	-7.595132597141577e-6	-9.724113219009475e-6	-1.3647942065409163e-6	1.73207513741581e-5	4.6146805566174915e-6
2.2139334004440483e-6	1.121019144036157e-5	5.526347356260774e-6	7.533072393495504e-6	9.547346255736733e-6	1.3875767822107606e-6	-1.7000757805555167e-5	-4.4844416119256605e-6
-2.1997788307124883e-6	-1.107460575460195e-5	-5.4958430399995776e-6	-7.4723842272502824e-6	-9.37589024916934e-6	-1.40945034981779e-6	1.669259416363554e-5	4.3603824318145375e-6
2.186037735944345e-6	1.094197110631392e-5	5.465871374528448e-6	7.413019510475734e-6	9.209506758521735e-6	1.4304653918592108e-6	-1.639558304099263e-5	-4.242057306575278e-6
-2.1726946901391764e-6	-1.081218896983046e-5	-5.4364174145894706e-6	-7.354932014162181e-6	-9.047971660116333e-6	-1.450668833377239e-6	1.6109099313139426e-5	4.129063377154074e-6
2.1597349843995972e-6	1.0685165252822994e-5	5.40746678053318e-6	7.2980777445143245e-6	8.891073877651733e-6	1.4701042228929273e-6	-1.5832565095550117e-5	-4.021035501614538e-6
-2.147144586261906e-6	-1.056081003113822e-5	-5.3790056704489555e-6	-7.242414824246406e-6	-8.738614551995935e-6	-1.4888121068039172e-6	1.556544526476672e-5	3.917641902539738e-6
2.1349100945238857e-6	1.0439037326492479e-5	5.3510208139002166e-6	7.187903330278427e-6	8.59040618136443e-6	1.5068303271148487e-6	-1.530724350355042e-5	-3.8185803864919965e-6
-2.1230187170891175e-6	-1.031976488149966e-5	-5.323499425388929e-6	-7.134505202995975e-6	-8.446271687532686e-6	-1.524194106277928e-6	1.5057498814843902e-5	3.7235750319133056e-6
2.111458233116702e-6	1.0202913962705632e-5	5.296429221371014e-6	7.082184114037252e-6	8.306043840455522e-6	1.5409364067623276e-6	-1.481578231283604e-5	-3.632373397931046e-6
-2.1002169545886397e-6	-1.0088409174315641e-5	-5.269798360223713e-6	-7.03090538772744e-6	-8.16956450284719e-6	-1.5570880420080692e-6	1.4581694463159952e-5	3.5447440187088534e-6
2.0892837087718616e-6	9.976178267946243e-6	5.243595436277163e-6	6.980635885791525e-6	8.036683994932061e-6	1.5726778274371513e-6	-1.4354862597867455e-5	-3.4604742249717033e-6
-2.0786478113485547e-6	-9.866151992289846e-6	-5.217809461857542e-6	-6.931343923357606e-6	-7.907260597996787e-6	-1.587732830850775e-6	1.4134938552569165e-5	3.3793682705852524e-6
2.068299031172833e-6	9.758263930944344e-6	5.19242983730534e-6	6.882999207399762e-6	7.781159978874974e-6	1.6022783740326747e-6	-1.3921596751720614e-5	-3.301245647463676e-6
-2.0582275692531777e-6	-9.652450351779506e-6	-5.1674463435688605e-6	-6.835572723428441e-6	-7.658254718827892e-6	-1.616338278503534e-6	1.3714532340858008e-5	3.2259395973634032e-6
2.0484240522345893e-6	9.548650077748589e-6	5.142849113955049e-6	6.789036698299316e-6	7.538423885311428e-6	1.6299349484292947e-6	-1.3513459467466392e-5	-3.1532958147736657e-6
-2.0388794907474706e-6	-9.446804362927397e-6	-5.118628631780118e-6	-6.743364518643454e-6	-7.421552614083775e-6	-1.6430893999159134e-6	1.3318109910824996e-5	3.08317131708567e-6
2.029585261875908e-6	9.346856753129826e-6	5.09477569824847e-6	6.698530661975607e-6	7.307531718600389e-6	1.6558214876168856e-6	-1.3128231625520329e-5	-3.0154333486803494e-6
-2.0205331119709207e-6	-9.248752988741812e-6	-5.071281431281236e-6	-6.654510656980502e-6	-7.196257363187723e-6	-1.6681498986295281e-6	1.2943587548273771e-5	2.949958518523367e-6
2.0117151135695312e-6	9.152440906439119e-6	5.048137251261758e-6	6.611281014739458e-6	7.087630721345802e-6	1.680092237792614e-6	-1.2763954513897336e-5	-2.8866319917015e-6
